1 13.0
2 12.0
3 64.0
4 10.0
5 24.0
6 16.0
7 10.0
8 25.0
9 26.0
10 148.0
11 12.0
12 1.0
13 12.0
14 11.0
15 25.0
16 8.0
17 11.0
18 13.0
19 13.0
20 25.0
21 12.0
22 12.0
23 11.0
24 12.0
25 14.0
26 24.0
27 15.0
28 13.0
29 24.0
30 16.0
31 12.0
32 12.0
33 12.0
34 24.0
35 25.0
36 51.0
37 12.0
38 51.0
39 11.0
40 39.0
41 12.0
42 24.0
43 13.0
44 25.0
45 11.0
46 25.0
47 13.0
48 24.0
49 25.0
50 12.0
51 75.0
52 25.0
53 24.0
54 2.0
55 39.0
56 4.0
57 26.0
58 10.0
59 25.0
60 1.0
61 12.0
62 13.0
63 22.0
64 13.0
65 12.0
66 10.0
67 25.0
68 24.0
69 2.0
70 13.0
71 26.0
72 24.0
73 26.0
74 10.0
75 12.0
76 25.0
77 20.0
78 25.0
79 13.0
80 4.0
81 12.0
82 30.0
83 13.0
84 25.0
85 11.0
86 25.0
87 43.0
88 22.0
89 12.0
90 12.0
91 12.0
92 25.0
93 13.0
94 37.0
95 13.0
96 26.0
97 100.0
98 24.0
99 12.0
100 13.0
101 12.0
102 12.0
103 24.0
104 11.0
105 25.0
106 120.0
107 1.0
108 12.0
109 13.0
110 13.0
111 12.0
112 13.0
113 10.0
114 24.0
115 26.0
116 13.0
117 26.0
118 12.0
119 13.0
120 52.0
121 13.0
122 12.0
123 3.0
124 23.0
125 12.0
126 24.0
127 12.0
128 26.0
129 25.0
130 12.0
131 26.0
132 12.0
133 27.0
134 13.0
135 11.0
136 12.0
137 24.0
138 11.0
139 12.0
140 24.0
141 1.0
142 12.0
143 25.0
144 11.0
145 12.0
146 2.0
147 12.0
148 11.0
149 2.0
150 13.0
151 14.0
152 25.0
153 500.0
154 26.0
155 51.0
156 10.0
157 102.0
158 24.0
159 2.0
160 25.0
161 12.0
162 25.0
163 10.0
164 24.0
165 12.0
166 10.0
167 12.0
168 26.0
169 23.0
170 13.0
171 12.0
172 51.0
173 12.0
174 25.0
175 12.0
176 13.0
177 39.0
178 26.0
179 2.0
180 26.0
181 2.0
182 13.0
183 16.0
184 1.0
185 24.0
186 8.0
187 74.0
188 51.0
189 12.0
190 22.0
191 62.0
192 13.0
193 26.0
194 23.0
195 12.0
196 12.0
197 3.0
198 10.0
199 26.0
200 2.0
201 26.0
202 25.0
203 26.0
204 6.0
205 8.0
206 4.0
207 1.0
208 50.0
209 8.0
210 12.0
211 13.0
212 25.0
213 25.0
214 25.0
215 12.0
216 12.0
217 11.0
218 25.0
219 24.0
220 13.0
221 24.0
222 25.0
223 12.0
224 11.0
225 13.0
226 201.0
227 13.0
228 22.0
229 13.0
230 2.0
231 24.0
232 13.0
233 10.0
234 12.0
235 14.0
236 3.0
237 12.0
238 11.0
239 26.0
240 26.0
241 12.0
242 16.0
243 12.0
244 23.0
245 99.0
246 12.0
247 24.0
248 12.0
249 26.0
250 24.0
251 14.0
252 12.0
253 12.0
254 26.0
255 13.0
256 25.0
257 10.0
258 12.0
259 11.0
260 94.0
261 12.0
262 1.0
263 26.0
264 40.0
265 12.0
266 12.0
267 11.0
268 26.0
269 50.0
270 1.0
271 41.0
272 12.0
273 11.0
274 47.0
275 12.0
276 12.0
277 11.0
278 13.0
279 13.0
280 12.0
281 8.0
282 12.0
283 12.0
284 170.0
285 1.0
286 6.0
287 24.0
288 3.0
289 1.0
290 24.0
291 112.0
292 12.0
293 12.0
294 25.0
295 1.0
296 12.0
297 13.0
298 13.0
299 23.0
300 12.0
301 12.0
302 13.0
303 175.0
304 12.0
305 24.0
306 1.0
307 25.0
308 13.0
309 11.0
310 1.0
311 6.0
312 7.0
313 13.0
314 25.0
315 12.0
316 11.0
317 24.0
318 13.0
319 11.0
320 12.0
321 24.0
322 25.0
323 12.0
324 2.0
325 12.0
326 25.0
327 1.0
328 24.0
329 25.0
330 13.0
331 12.0
332 24.0
333 12.0
334 12.0
335 2.0
336 5.0
337 12.0
338 12.0
339 1.0
340 25.0
341 13.0
342 13.0
343 2.0
344 1.0
345 25.0
346 12.0
347 26.0
348 24.0
349 12.0
350 26.0
351 12.0
352 12.0
353 12.0
354 101.0
355 13.0
356 25.0
357 12.0
358 5.0
359 4.0
360 2.0
361 12.0
362 15.0
363 1.0
364 10.0
365 24.0
366 26.0
367 1.0
368 52.0
369 12.0
370 26.0
371 25.0
372 24.0
373 13.0
374 12.0
375 12.0
376 15.0
377 75.0
378 13.0
379 25.0
380 22.0
381 13.0
382 12.0
383 6.0
384 1.0
385 11.0
386 26.0
387 26.0
388 13.0
389 12.0
390 12.0
391 11.0
392 12.0
393 24.0
394 50.0
395 16.0
396 38.0
397 13.0
398 26.0
399 15.0
400 12.0
401 24.0
402 11.0
403 12.0
404 51.0
405 10.0
406 10.0
407 10.0
408 3.0
409 52.0
410 7.0
411 291.0
412 10.0
413 2.0
414 12.0
415 5.0
416 24.0
417 13.0
418 12.0
419 33.0
420 39.0
421 13.0
422 11.0
423 203.0
424 13.0
425 13.0
426 13.0
427 8.0
428 26.0
429 12.0
430 13.0
431 12.0
432 13.0
433 24.0
434 61.0
435 40.0
436 3.0
437 12.0
438 13.0
439 12.0
440 25.0
441 1.0
442 1.0
443 25.0
444 12.0
445 12.0
446 1.0
447 25.0
448 19.0
449 13.0
450 12.0
451 48.0
452 3.0
453 1.0
454 12.0
455 22.0
456 220.0
457 13.0
458 13.0
459 12.0
460 12.0
461 45.0
462 24.0
463 2.0
464 13.0
465 1.0
466 131.0
467 12.0
468 13.0
469 3.0
470 24.0
471 12.0
472 26.0
473 11.0
474 12.0
475 10.0
476 13.0
477 12.0
478 12.0
479 12.0
480 1.0
481 11.0
482 3.0
483 12.0
484 4.0
485 12.0
486 1.0
487 26.0
488 26.0
489 13.0
490 13.0
491 10.0
492 17.0
493 4.0
494 13.0
495 12.0
496 12.0
497 103.0
498 21.0
499 2.0
500 12.0
501 13.0
502 10.0
503 14.0
504 2.0
505 26.0
506 12.0
507 12.0
508 1.0
509 12.0
510 12.0
511 12.0
512 12.0
513 12.0
514 1.0
515 12.0
516 1.0
517 26.0
518 25.0
519 50.0
520 13.0
521 71.0
522 4.0
523 13.0
524 13.0
525 1.0
526 3.0
527 2.0
528 13.0
529 24.0
530 13.0
531 26.0
532 25.0
533 51.0
534 24.0
535 24.0
536 24.0
537 12.0
538 13.0
539 26.0
540 25.0
541 12.0
542 13.0
543 1.0
544 13.0
545 12.0
546 1.0
547 25.0
548 2.0
549 39.0
550 3.0
551 28.0
552 12.0
553 25.0
554 25.0
555 1.0
556 12.0
557 1.0
558 1.0
559 12.0
560 21.0
561 12.0
562 153.0
563 2.0
564 26.0
565 2.0
566 12.0
567 366.0
568 64.0
569 26.0
570 63.0
571 2.0
572 12.0
573 1.0
574 13.0
575 13.0
576 8.0
577 13.0
578 26.0
579 12.0
580 1.0
581 42.0
582 26.0
583 12.0
584 13.0
585 10.0
586 13.0
587 12.0
588 12.0
589 24.0
590 8.0
591 1.0
592 13.0
593 24.0
594 16.0
595 40.0
596 20.0
597 12.0
598 13.0
599 48.0
600 13.0
601 13.0
602 1.0
603 25.0
604 1.0
605 2.0
606 12.0
607 13.0
608 13.0
609 50.0
610 25.0
611 12.0
612 6.0
613 28.0
614 13.0
615 12.0
616 13.0
617 2.0
618 24.0
619 24.0
620 13.0
621 5.0
622 12.0
623 1.0
624 60.0
625 39.0
626 13.0
627 26.0
628 24.0
629 13.0
630 6.0
631 12.0
632 145.0
633 12.0
634 12.0
635 12.0
636 24.0
637 24.0
638 2.0
639 12.0
640 24.0
641 40.0
642 26.0
643 2.0
644 26.0
645 26.0
646 12.0
647 13.0
648 47.0
649 10.0
650 75.0
651 6.0
652 13.0
653 12.0
654 12.0
655 6.0
656 1.0
657 12.0
658 104.0
659 24.0
660 1.0
661 12.0
662 13.0
663 1.0
664 50.0
665 26.0
666 12.0
667 12.0
668 10.0
669 25.0
670 10.0
671 12.0
672 1.0
673 13.0
674 12.0
675 60.0
676 13.0
677 12.0
678 25.0
679 77.0
680 12.0
681 54.0
682 13.0
683 21.0
684 12.0
685 12.0
686 40.0
687 2.0
688 25.0
689 52.0
690 17.0
691 1.0
692 12.0
693 25.0
694 42.0
695 25.0
696 49.0
697 26.0
698 36.0
699 13.0
700 5.0
701 25.0
702 12.0
703 40.0
704 13.0
705 22.0
706 13.0
707 12.0
708 5.0
709 12.0
710 22.0
711 12.0
712 26.0
713 26.0
714 13.0
715 13.0
716 24.0
717 10.0
718 13.0
719 15.0
720 30.0
721 2.0
722 24.0
723 4.0
724 3.0
725 3.0
726 12.0
727 2.0
728 24.0
729 24.0
730 26.0
731 12.0
732 12.0
733 1.0
734 24.0
735 13.0
736 12.0
737 12.0
738 38.0
739 12.0
740 1.0
741 6.0
742 19.0
743 12.0
744 12.0
745 3.0
746 2.0
747 26.0
748 3.0
749 13.0
750 58.0
751 12.0
752 12.0
753 6.0
754 12.0
755 48.0
756 5.0
757 6.0
758 12.0
759 20.0
760 12.0
761 50.0
762 12.0
763 4.0
764 1.0
765 12.0
766 70.0
767 13.0
768 12.0
769 12.0
770 10.0
771 25.0
772 1.0
773 5.0
774 100.0
775 13.0
776 2.0
777 1.0
778 26.0
779 13.0
780 4.0
781 24.0
782 12.0
783 4.0
784 12.0
785 13.0
786 1.0
787 12.0
788 12.0
789 12.0
790 12.0
791 26.0
792 40.0
793 13.0
794 12.0
795 50.0
796 24.0
797 12.0
798 26.0
799 13.0
800 97.0
801 69.0
802 13.0
803 13.0
804 11.0
805 13.0
806 96.0
807 13.0
808 12.0
809 26.0
810 30.0
811 3.0
812 4.0
813 12.0
814 1.0
815 6.0
816 10.0
817 22.0
818 1.0
819 12.0
820 4.0
821 12.0
822 11.0
823 11.0
824 12.0
825 13.0
826 24.0
827 7.0
828 13.0
829 26.0
830 25.0
831 13.0
832 12.0
833 12.0
834 12.0
835 52.0
836 11.0
837 4.0
838 12.0
839 24.0
840 15.0
841 25.0
842 10.0
843 1.0
844 1.0
845 3.0
846 12.0
847 26.0
848 11.0
849 12.0
850 155.0
851 12.0
852 24.0
853 1.0
854 2.0
855 12.0
856 178.0
857 51.0
858 12.0
859 3.0
860 24.0
861 25.0
862 3.0
863 24.0
864 26.0
865 24.0
866 40.0
867 1.0
868 13.0
869 15.0
870 12.0
871 4.0
872 11.0
873 3.0
874 7.0
875 25.0
876 13.0
877 12.0
878 1.0
879 12.0
880 12.0
881 12.0
882 12.0
883 26.0
884 25.0
885 13.0
886 12.0
887 3.0
888 13.0
889 1.0
890 26.0
891 1.0
892 12.0
893 12.0
894 13.0
895 13.0
896 2.0
897 1.0
898 12.0
899 13.0
900 12.0
901 27.0
902 13.0
903 13.0
904 1.0
905 3.0
906 3.0
907 16.0
908 60.0
909 80.0
910 12.0
911 24.0
912 13.0
913 1.0
914 12.0
915 6.0
916 12.0
917 13.0
918 13.0
919 15.0
920 13.0
921 13.0
922 12.0
923 26.0
924 1.0
925 12.0
926 26.0
927 12.0
928 23.0
929 21.0
930 12.0
931 13.0
932 22.0
933 12.0
934 12.0
935 1.0
936 12.0
937 1.0
938 11.0
939 12.0
940 13.0
941 45.0
942 13.0
943 6.0
944 13.0
945 24.0
946 2.0
947 12.0
948 24.0
949 12.0
950 13.0
951 25.0
952 12.0
953 12.0
954 12.0
955 22.0
956 6.0
957 1.0
958 26.0
959 1.0
960 6.0
961 18.0
962 12.0
963 167.0
964 1.0
965 1.0
966 50.0
967 1.0
968 4.0
969 22.0
970 12.0
971 1.0
972 22.0
973 13.0
974 51.0
975 96.0
976 13.0
977 104.0
978 12.0
979 12.0
980 26.0
981 13.0
982 12.0
983 10.0
984 12.0
985 12.0
986 6.0
987 52.0
988 3.0
989 72.0
990 148.0
991 24.0
992 1.0
993 12.0
994 13.0
995 26.0
996 13.0
997 25.0
998 26.0
999 1.0
1000 51.0
1001 12.0
1002 24.0
1003 12.0
1004 94.0
1005 1.0
1006 26.0
1007 6.0
1008 1.0
1009 1.0
1010 12.0
1011 12.0
1012 10.0
1013 1.0
1014 5.0
1015 1.0
1016 3.0
1017 12.0
1018 12.0
1019 26.0
1020 52.0
1021 1.0
1022 12.0
1023 8.0
1024 3.0
1025 11.0
1026 1.0
1027 1.0
1028 22.0
1029 26.0
1030 12.0
1031 13.0
1032 12.0
1033 12.0
1034 12.0
1035 12.0
1036 2.0
1037 13.0
1038 13.0
1039 26.0
1040 20.0
1041 26.0
1042 40.0
1043 26.0
1044 34.0
1045 2.0
1046 13.0
1047 12.0
1048 4.0
1049 1.0
1050 12.0
1051 13.0
1052 12.0
1053 39.0
1054 1.0
1055 161.0
1056 1.0
1057 3.0
1058 5.0
1059 12.0
1060 5.0
1061 13.0
1062 13.0
1063 4.0
1064 12.0
1065 38.0
1066 12.0
1067 12.0
1068 21.0
1069 24.0
1070 12.0
1071 2.0
1072 12.0
1073 90.0
1074 12.0
1075 52.0
1076 48.0
1077 24.0
1078 51.0
1079 12.0
1080 12.0
1081 2.0
1082 15.0
1083 1.0
1084 1.0
1085 13.0
1086 25.0
1087 12.0
1088 42.0
1089 25.0
1090 40.0
1091 45.0
1092 26.0
1093 13.0
1094 19.0
1095 13.0
1096 4.0
1097 11.0
1098 12.0
1099 1.0
1100 2.0
1101 1.0
1102 1.0
1103 12.0
1104 1.0
1105 24.0
1106 1.0
1107 10.0
1108 14.0
1109 13.0
1110 13.0
1111 358.0
1112 20.0
1113 555.0
1114 1.0
1115 12.0
1116 3.0
1117 1.0
1118 30.0
1119 5.0
1120 16.0
1121 10.0
1122 16.0
1123 12.0
1124 13.0
1125 3.0
1126 12.0
1127 12.0
1128 13.0
1129 1.0
1130 25.0
1131 12.0
1132 1.0
1133 26.0
1134 12.0
1135 1.0
1136 13.0
1137 52.0
1138 5.0
1139 13.0
1140 10.0
1141 26.0
1142 12.0
1143 12.0
1144 12.0
1145 12.0
1146 101.0
1147 13.0
1148 13.0
1149 10.0
1150 52.0
1151 25.0
1152 49.0
1153 24.0
1154 12.0
1155 3.0
1156 52.0
1157 6.0
1158 13.0
1159 22.0
1160 12.0
1161 147.0
1162 12.0
1163 12.0
1164 13.0
1165 13.0
1166 1.0
1167 75.0
1168 24.0
1169 52.0
1170 43.0
1171 10.0
1172 12.0
1173 50.0
1174 12.0
1175 13.0
1176 24.0
1177 1.0
1178 1.0
1179 24.0
1180 12.0
1181 1.0
1182 13.0
1183 13.0
1184 3.0
1185 13.0
1186 12.0
1187 2.0
1188 13.0
1189 12.0
1190 12.0
1191 13.0
1192 12.0
1193 35.0
1194 13.0
1195 12.0
1196 12.0
1197 26.0
1198 73.0
1199 51.0
1200 12.0
1201 64.0
1202 13.0
1203 1.0
1204 4.0
1205 12.0
1206 12.0
1207 12.0
1208 39.0
1209 26.0
1210 26.0
1211 12.0
1212 11.0
1213 12.0
1214 12.0
1215 20.0
1216 2.0
1217 40.0
1218 1.0
1219 8.0
1220 12.0
1221 127.0
1222 12.0
1223 25.0
1224 12.0
1225 13.0
1226 2.0
1227 13.0
1228 12.0
1229 12.0
1230 1.0
1231 12.0
1232 13.0
1233 1.0
1234 12.0
1235 12.0
1236 10.0
1237 12.0
1238 24.0
1239 6.0
1240 12.0
1241 24.0
1242 5.0
1243 13.0
1244 26.0
1245 49.0
1246 12.0
1247 1.0
1248 12.0
1249 22.0
1250 2.0
1251 12.0
1252 12.0
1253 25.0
1254 3.0
1255 26.0
1256 26.0
1257 12.0
1258 12.0
1259 12.0
1260 1.0
1261 12.0
1262 12.0
1263 4.0
1264 3.0
1265 26.0
1266 12.0
1267 12.0
1268 24.0
1269 50.0
1270 26.0
1271 79.0
1272 25.0
1273 35.0
1274 12.0
1275 50.0
1276 6.0
1277 22.0
1278 51.0
1279 12.0
1280 11.0
1281 7.0
1282 12.0
1283 13.0
1284 1.0
1285 24.0
1286 1.0
1287 13.0
1288 13.0
1289 12.0
1290 13.0
1291 26.0
1292 1.0
1293 1.0
1294 24.0
1295 12.0
1296 51.0
1297 5.0
1298 12.0
1299 60.0
1300 52.0
1301 26.0
1302 12.0
1303 51.0
1304 12.0
1305 10.0
1306 12.0
1307 1.0
1308 48.0
1309 12.0
1310 2.0
1311 1.0
1312 12.0
1313 1.0
1314 26.0
1315 16.0
1316 13.0
1317 52.0
1318 28.0
1319 1.0
1320 12.0
1321 1.0
1322 1.0
1323 12.0
1324 1.0
1325 1.0
1326 13.0
1327 26.0
1328 30.0
1329 26.0
1330 26.0
1331 10.0
1332 12.0
1333 12.0
1334 26.0
1335 39.0
1336 40.0
1337 13.0
1338 12.0
1339 17.0
1340 51.0
1341 51.0
1342 12.0
1343 12.0
1344 13.0
1345 78.0
1346 52.0
1347 1.0
1348 1.0
1349 1.0
1350 13.0
1351 1.0
1352 1.0
1353 114.0
1354 12.0
1355 3.0
1356 1.0
1357 6.0
1358 12.0
1359 1.0
1360 1.0
1361 49.0
1362 1.0
1363 8.0
1364 26.0
1365 25.0
1366 12.0
1367 7.0
1368 13.0
1369 12.0
1370 43.0
1371 1.0
1372 3.0
1373 12.0
1374 63.0
1375 20.0
1376 12.0
1377 13.0
1378 13.0
1379 1.0
1380 10.0
1381 51.0
1382 12.0
1383 13.0
1384 26.0
1385 51.0
1386 142.0
1387 12.0
1388 20.0
1389 1.0
1390 43.0
1391 24.0
1392 12.0
1393 26.0
1394 22.0
1395 12.0
1396 13.0
1397 93.0
1398 1.0
1399 2.0
1400 13.0
1401 52.0
1402 12.0
1403 2.0
1404 1.0
1405 12.0
1406 51.0
1407 45.0
1408 52.0
1409 13.0
1410 12.0
1411 30.0
1412 2.0
1413 3.0
1414 1.0
1415 4.0
1416 3.0
1417 30.0
1418 8.0
1419 12.0
1420 1.0
1421 13.0
1422 1.0
1423 13.0
1424 12.0
1425 1.0
1426 14.0
1427 3.0
1428 13.0
1429 1.0
1430 24.0
1431 12.0
1432 12.0
1433 1.0
1434 12.0
1435 8.0
1436 50.0
1437 13.0
1438 13.0
1439 12.0
1440 12.0
1441 13.0
1442 24.0
1443 1.0
1444 12.0
1445 50.0
1446 60.0
1447 24.0
1448 10.0
1449 12.0
1450 51.0
1451 12.0
1452 49.0
1453 39.0
1454 12.0
1455 12.0
1456 12.0
1457 12.0
1458 1.0
1459 13.0
1460 13.0
1461 12.0
1462 13.0
1463 2.0
1464 13.0
1465 1.0
1466 21.0
1467 12.0
1468 7.0
1469 1.0
1470 12.0
1471 12.0
1472 12.0
1473 12.0
1474 12.0
1475 15.0
1476 10.0
1477 1.0
1478 12.0
1479 4.0
1480 25.0
1481 54.0
1482 12.0
1483 12.0
1484 13.0
1485 43.0
1486 1.0
1487 13.0
1488 12.0
1489 13.0
1490 26.0
1491 52.0
1492 26.0
1493 12.0
1494 26.0
1495 4.0
1496 39.0
1497 12.0
1498 1.0
1499 33.0
1500 1.0
1501 52.0
1502 12.0
1503 26.0
1504 3.0
1505 18.0
1506 3.0
1507 51.0
1508 22.0
1509 46.0
1510 1.0
1511 10.0
1512 2.0
1513 12.0
1514 31.0
1515 13.0
1516 13.0
1517 1.0
1518 24.0
1519 6.0
1520 12.0
1521 1.0
1522 1.0
1523 26.0
1524 10.0
1525 13.0
1526 12.0
1527 24.0
1528 24.0
1529 12.0
1530 12.0
1531 37.0
1532 1.0
1533 10.0
1534 34.0
1535 13.0
1536 1.0
1537 23.0
1538 40.0
1539 13.0
1540 13.0
1541 12.0
1542 24.0
1543 49.0
1544 26.0
1545 13.0
1546 3.0
1547 12.0
1548 12.0
1549 24.0
1550 1.0
1551 12.0
1552 22.0
1553 18.0
1554 12.0
1555 52.0
1556 1.0
1557 12.0
1558 12.0
1559 12.0
1560 373.0
1561 3.0
1562 10.0
1563 26.0
1564 12.0
1565 50.0
1566 26.0
1567 26.0
1568 1.0
1569 3.0
1570 42.0
1571 109.0
1572 1.0
1573 45.0
1574 13.0
1575 12.0
1576 12.0
1577 26.0
1578 26.0
1579 13.0
1580 1.0
1581 25.0
1582 16.0
1583 4.0
1584 19.0
1585 25.0
1586 1.0
1587 6.0
1588 51.0
1589 22.0
1590 12.0
1591 1.0
1592 50.0
1593 20.0
1594 13.0
1595 24.0
1596 13.0
1597 4.0
1598 34.0
1599 34.0
1600 12.0
1601 13.0
1602 12.0
1603 12.0
1604 12.0
1605 9.0
1606 50.0
1607 26.0
1608 26.0
1609 22.0
1610 2.0
1611 40.0
1612 3.0
1613 13.0
1614 1.0
1615 13.0
1616 13.0
1617 1.0
1618 1.0
1619 12.0
1620 3.0
1621 4.0
1622 24.0
1623 3.0
1624 12.0
1625 3.0
1626 12.0
1627 12.0
1628 20.0
1629 30.0
1630 11.0
1631 1.0
1632 12.0
1633 12.0
1634 26.0
1635 1.0
1636 11.0
1637 1.0
1638 12.0
1639 12.0
1640 6.0
1641 70.0
1642 12.0
1643 13.0
1644 4.0
1645 52.0
1646 12.0
1647 24.0
1648 13.0
1649 46.0
1650 1.0
1651 20.0
1652 24.0
1653 12.0
1654 12.0
1655 2.0
1656 24.0
1657 11.0
1658 44.0
1659 12.0
1660 13.0
1661 3.0
1662 32.0
1663 12.0
1664 26.0
1665 6.0
1666 12.0
1667 26.0
1668 12.0
1669 59.0
1670 13.0
1671 24.0
1672 12.0
1673 12.0
1674 13.0
1675 13.0
1676 23.0
1677 3.0
1678 11.0
1679 12.0
1680 26.0
1681 12.0
1682 50.0
1683 13.0
1684 47.0
1685 78.0
1686 12.0
1687 38.0
1688 11.0
1689 12.0
1690 1.0
1691 22.0
1692 12.0
1693 2.0
1694 13.0
1695 7.0
1696 12.0
1697 26.0
1698 10.0
1699 1.0
1700 23.0
1701 12.0
1702 1.0
1703 4.0
1704 13.0
1705 1.0
1706 48.0
1707 1.0
1708 1.0
1709 12.0
1710 1.0
1711 24.0
1712 12.0
1713 12.0
1714 13.0
1715 18.0
1716 24.0
1717 1.0
1718 1.0
1719 1.0
1720 13.0
1721 1.0
1722 100.0
1723 25.0
1724 62.0
1725 1.0
1726 51.0
1727 12.0
1728 39.0
1729 12.0
1730 13.0
1731 12.0
1732 6.0
1733 12.0
1734 13.0
1735 47.0
1736 40.0
1737 3.0
1738 13.0
1739 26.0
1740 25.0
1741 12.0
1742 12.0
1743 12.0
1744 2.0
1745 2.0
1746 3.0
1747 2.0
1748 24.0
1749 39.0
1750 12.0
1751 1.0
1752 1.0
1753 74.0
1754 24.0
1755 26.0
1756 25.0
1757 1.0
1758 12.0
1759 25.0
1760 26.0
1761 12.0
1762 13.0
1763 52.0
1764 24.0
1765 26.0
1766 16.0
1767 37.0
1768 12.0
1769 13.0
1770 10.0
1771 24.0
1772 46.0
1773 25.0
1774 1.0
1775 1.0
1776 12.0
1777 7.0
1778 1.0
1779 36.0
1780 22.0
1781 13.0
1782 16.0
1783 104.0
1784 32.0
1785 1.0
1786 26.0
1787 3.0
1788 12.0
1789 12.0
1790 15.0
1791 12.0
1792 12.0
1793 3.0
1794 20.0
1795 1.0
1796 12.0
1797 24.0
1798 51.0
1799 21.0
1800 1.0
1801 12.0
1802 46.0
1803 26.0
1804 13.0
1805 25.0
1806 40.0
1807 50.0
1808 1.0
1809 26.0
1810 60.0
1811 12.0
1812 12.0
1813 20.0
1814 50.0
1815 24.0
1816 12.0
1817 35.0
1818 1.0
1819 1.0
1820 13.0
1821 7.0
1822 1.0
1823 1.0
1824 1.0
1825 13.0
1826 26.0
1827 1.0
1828 5.0
1829 10.0
1830 13.0
1831 12.0
1832 10.0
1833 2.0
1834 52.0
1835 2.0
1836 1.0
1837 40.0
1838 12.0
1839 26.0
1840 12.0
1841 12.0
1842 11.0
1843 10.0
1844 1.0
1845 52.0
1846 4.0
1847 52.0
1848 26.0
1849 12.0
1850 26.0
1851 12.0
1852 4.0
1853 26.0
1854 25.0
1855 39.0
1856 1.0
1857 12.0
1858 10.0
1859 8.0
1860 13.0
1861 113.0
1862 13.0
1863 26.0
1864 20.0
1865 12.0
1866 13.0
1867 25.0
1868 2.0
1869 1.0
1870 12.0
1871 23.0
1872 7.0
1873 12.0
1874 14.0
1875 1.0
1876 10.0
1877 1.0
1878 12.0
1879 13.0
1880 70.0
1881 7.0
1882 47.0
1883 13.0
1884 12.0
1885 13.0
1886 2.0
1887 26.0
1888 12.0
1889 3.0
1890 14.0
1891 39.0
1892 26.0
1893 40.0
1894 2.0
1895 12.0
1896 26.0
1897 13.0
1898 12.0
1899 76.0
1900 1.0
1901 12.0
1902 13.0
1903 25.0
1904 13.0
1905 1.0
1906 12.0
1907 4.0
1908 26.0
1909 23.0
1910 12.0
1911 17.0
1912 12.0
1913 25.0
1914 51.0
1915 12.0
1916 1.0
1917 1.0
1918 12.0
1919 1.0
1920 10.0
1921 12.0
1922 26.0
1923 1.0
1924 11.0
1925 1.0
1926 25.0
1927 3.0
1928 12.0
1929 1.0
1930 44.0
1931 13.0
1932 10.0
1933 107.0
1934 1.0
1935 24.0
1936 9.0
1937 24.0
1938 49.0
1939 12.0
1940 22.0
1941 1.0
1942 12.0
1943 12.0
1944 12.0
1945 50.0
1946 13.0
1947 13.0
1948 1.0
1949 13.0
1950 24.0
1951 1.0
1952 87.0
1953 1.0
1954 1.0
1955 12.0
1956 24.0
1957 12.0
1958 12.0
1959 12.0
1960 13.0
1961 49.0
1962 21.0
1963 12.0
1964 13.0
1965 12.0
1966 24.0
1967 26.0
1968 12.0
1969 13.0
1970 50.0
1971 12.0
1972 12.0
1973 12.0
1974 3.0
1975 124.0
1976 12.0
1977 1.0
1978 39.0
1979 7.0
1980 13.0
1981 3.0
1982 1.0
1983 13.0
1984 20.0
1985 25.0
1986 26.0
1987 37.0
1988 12.0
1989 1.0
1990 13.0
1991 1.0
1992 51.0
1993 54.0
1994 25.0
1995 39.0
1996 2.0
1997 12.0
1998 1.0
1999 26.0
2000 12.0
2001 59.0
2002 39.0
2003 32.0
2004 52.0
2005 3.0
2006 4.0
2007 231.0
2008 27.0
2009 4.0
2010 1.0
2011 12.0
2012 49.0
2013 11.0
2014 3.0
2015 24.0
2016 7.0
2017 13.0
2018 6.0
2019 30.0
2020 13.0
2021 2.0
2022 1.0
2023 11.0
2024 25.0
2025 4.0
2026 52.0
2027 39.0
2028 51.0
2029 12.0
2030 12.0
2031 6.0
2032 12.0
2033 12.0
2034 12.0
2035 12.0
2036 12.0
2037 24.0
2038 26.0
2039 1.0
2040 13.0
2041 3.0
2042 50.0
2043 5.0
2044 50.0
2045 47.0
2046 12.0
2047 13.0
2048 26.0
2049 13.0
2050 12.0
2051 39.0
2052 26.0
2053 224.0
2054 12.0
2055 23.0
2056 12.0
2057 2.0
2058 25.0
2059 78.0
2060 13.0
2061 47.0
2062 26.0
2063 51.0
2064 1.0
2065 52.0
2066 1.0
2067 10.0
2068 52.0
2069 13.0
2070 11.0
2071 12.0
2072 1.0
2073 1.0
2074 20.0
2075 1.0
2076 25.0
2077 1.0
2078 11.0
2079 2.0
2080 283.0
2081 12.0
2082 26.0
2083 26.0
2084 1.0
2085 12.0
2086 26.0
2087 1.0
2088 1.0
2089 26.0
2090 52.0
2091 26.0
2092 39.0
2093 12.0
2094 49.0
2095 51.0
2096 12.0
2097 35.0
2098 34.0
2099 47.0
2100 64.0
2101 13.0
2102 12.0
2103 2.0
2104 1.0
2105 48.0
2106 26.0
2107 26.0
2108 1.0
2109 12.0
2110 6.0
2111 41.0
2112 26.0
2113 1.0
2114 13.0
2115 12.0
2116 48.0
2117 13.0
2118 26.0
2119 26.0
2120 26.0
2121 1.0
2122 12.0
2123 1.0
2124 1.0
2125 12.0
2126 1.0
2127 12.0
2128 1.0
2129 1.0
2130 13.0
2131 1.0
2132 24.0
2133 12.0
2134 23.0
2135 51.0
2136 1.0
2137 1.0
2138 12.0
2139 3.0
2140 1.0
2141 3.0
2142 12.0
2143 12.0
2144 18.0
2145 6.0
2146 13.0
2147 11.0
2148 51.0
2149 50.0
2150 12.0
2151 13.0
2152 12.0
2153 50.0
2154 4.0
2155 24.0
2156 24.0
2157 50.0
2158 12.0
2159 26.0
2160 1.0
2161 2.0
2162 40.0
2163 1.0
2164 26.0
2165 52.0
2166 43.0
2167 12.0
2168 20.0
2169 52.0
2170 12.0
2171 12.0
2172 2.0
2173 50.0
2174 13.0
2175 26.0
2176 61.0
2177 12.0
2178 12.0
2179 12.0
2180 12.0
2181 4.0
2182 12.0
2183 43.0
2184 1.0
2185 142.0
2186 1.0
2187 12.0
2188 12.0
2189 49.0
2190 4.0
2191 67.0
2192 276.0
2193 26.0
2194 52.0
2195 52.0
2196 12.0
2197 50.0
2198 48.0
2199 26.0
2200 1.0
2201 52.0
2202 12.0
2203 26.0
2204 1.0
2205 13.0
2206 12.0
2207 1.0
2208 1.0
2209 1.0
2210 12.0
2211 2.0
2212 12.0
2213 25.0
2214 26.0
2215 26.0
2216 52.0
2217 33.0
2218 26.0
2219 41.0
2220 12.0
2221 1.0
2222 46.0
2223 12.0
2224 13.0
2225 26.0
2226 25.0
2227 20.0
2228 26.0
2229 24.0
2230 2.0
2231 12.0
2232 1.0
2233 26.0
2234 25.0
2235 55.0
2236 26.0
2237 13.0
2238 153.0
2239 1.0
2240 1.0
2241 12.0
2242 13.0
2243 48.0
2244 12.0
2245 1.0
2246 46.0
2247 1.0
2248 52.0
2249 26.0
2250 12.0
2251 1.0
2252 1.0
2253 12.0
2254 6.0
2255 24.0
2256 12.0
2257 51.0
2258 51.0
2259 13.0
2260 39.0
2261 12.0
2262 12.0
2263 26.0
2264 18.0
2265 12.0
2266 1.0
2267 7.0
2268 11.0
2269 26.0
2270 26.0
2271 1.0
2272 13.0
2273 12.0
2274 52.0
2275 1.0
2276 3.0
2277 3.0
2278 1.0
2279 220.0
2280 10.0
2281 26.0
2282 12.0
2283 24.0
2284 31.0
2285 14.0
2286 26.0
2287 26.0
2288 151.0
2289 24.0
2290 13.0
2291 58.0
2292 12.0
2293 12.0
2294 52.0
2295 37.0
2296 13.0
2297 2.0
2298 1.0
2299 24.0
2300 2.0
2301 26.0
2302 1.0
2303 41.0
2304 1.0
2305 146.0
2306 25.0
2307 32.0
2308 2.0
2309 12.0
2310 12.0
2311 12.0
2312 12.0
2313 26.0
2314 12.0
2315 37.0
2316 13.0
2317 39.0
2318 6.0
2319 40.0
2320 26.0
2321 12.0
2322 61.0
2323 1.0
2324 24.0
2325 1.0
2326 6.0
2327 9.0
2328 40.0
2329 1.0
2330 25.0
2331 13.0
2332 12.0
2333 24.0
2334 1.0
2335 2.0
2336 1.0
2337 27.0
2338 2.0
2339 12.0
2340 12.0
2341 24.0
2342 1.0
2343 26.0
2344 1.0
2345 30.0
2346 26.0
2347 13.0
2348 12.0
2349 1.0
2350 102.0
2351 74.0
2352 61.0
2353 53.0
2354 24.0
2355 12.0
2356 12.0
2357 12.0
2358 3.0
2359 330.0
2360 4.0
2361 1.0
2362 5.0
2363 1.0
2364 13.0
2365 1.0
2366 2.0
2367 26.0
2368 47.0
2369 13.0
2370 11.0
2371 2.0
2372 1.0
2373 13.0
2374 15.0
2375 65.0
2376 10.0
2377 26.0
2378 3.0
2379 28.0
2380 12.0
2381 12.0
2382 3.0
2383 10.0
2384 13.0
2385 6.0
2386 21.0
2387 2.0
2388 38.0
2389 12.0
2390 3.0
2391 1.0
2392 12.0
2393 2.0
2394 26.0
2395 1.0
2396 52.0
2397 2.0
2398 2.0
2399 25.0
2400 51.0
2401 12.0
2402 13.0
2403 1.0
2404 12.0
2405 46.0
2406 1.0
2407 12.0
2408 2.0
2409 1.0
2410 50.0
2411 11.0
2412 12.0
2413 4.0
2414 13.0
2415 24.0
2416 26.0
2417 54.0
2418 6.0
2419 3.0
2420 1.0
2421 6.0
2422 1.0
2423 1.0
2424 88.0
2425 5.0
2426 26.0
2427 26.0
2428 13.0
2429 6.0
2430 13.0
2431 6.0
2432 50.0
2433 10.0
2434 13.0
2435 13.0
2436 1.0
2437 21.0
2438 12.0
2439 29.0
2440 39.0
2441 1.0
2442 10.0
2443 28.0
2444 1.0
2445 1.0
2446 65.0
2447 52.0
2448 12.0
2449 2.0
2450 26.0
2451 26.0
2452 39.0
2453 1.0
2454 24.0
2455 1.0
2456 9.0
2457 13.0
2458 13.0
2459 39.0
2460 50.0
2461 52.0
2462 50.0
2463 3.0
2464 12.0
2465 50.0
2466 50.0
2467 24.0
2468 24.0
2469 12.0
2470 104.0
2471 3.0
2472 49.0
2473 36.0
2474 4.0
2475 1.0
2476 8.0
2477 1.0
2478 24.0
2479 26.0
2480 13.0
2481 6.0
2482 12.0
2483 12.0
2484 13.0
2485 12.0
2486 12.0
2487 195.0
2488 1.0
2489 22.0
2490 12.0
2491 1.0
2492 1.0
2493 2.0
2494 1.0
2495 26.0
2496 12.0
2497 24.0
2498 12.0
2499 1.0
2500 12.0
2501 12.0
2502 51.0
2503 78.0
2504 12.0
2505 50.0
2506 31.0
2507 104.0
2508 6.0
2509 143.0
2510 12.0
2511 12.0
2512 26.0
2513 12.0
2514 26.0
2515 13.0
2516 12.0
2517 12.0
2518 3.0
2519 10.0
2520 112.0
2521 2.0
2522 1.0
2523 15.0
2524 12.0
2525 12.0
2526 50.0
2527 26.0
2528 49.0
2529 2.0
2530 26.0
2531 1.0
2532 10.0
2533 25.0
2534 1.0
2535 12.0
2536 1.0
2537 26.0
2538 12.0
2539 1.0
2540 137.0
2541 432.0
2542 3.0
2543 480.0
2544 1.0
2545 1.0
2546 2.0
2547 1.0
2548 21.0
2549 12.0
2550 103.0
2551 12.0
2552 13.0
2553 1.0
2554 39.0
2555 1.0
2556 11.0
2557 1.0
2558 6.0
2559 1.0
2560 1.0
2561 1.0
2562 1.0
2563 10.0
2564 40.0
2565 1.0
2566 37.0
2567 20.0
2568 12.0
2569 12.0
2570 58.0
2571 1.0
2572 25.0
2573 1.0
2574 13.0
2575 12.0
2576 26.0
2577 12.0
2578 1.0
2579 51.0
2580 5.0
2581 115.0
2582 12.0
2583 12.0
2584 4.0
2585 8.0
2586 52.0
2587 24.0
2588 2.0
2589 26.0
2590 12.0
2591 52.0
2592 3.0
2593 42.0
2594 46.0
2595 50.0
2596 13.0
2597 51.0
2598 4.0
2599 1.0
2600 2.0
2601 1.0
2602 45.0
2603 4.0
2604 36.0
2605 12.0
2606 74.0
2607 2.0
2608 24.0
2609 36.0
2610 1.0
2611 50.0
2612 1.0
2613 3.0
2614 1.0
2615 33.0
2616 2.0
2617 1.0
2618 12.0
2619 13.0
2620 2.0
2621 1.0
2622 12.0
2623 46.0
2624 13.0
2625 1.0
2626 39.0
2627 13.0
2628 3.0
2629 154.0
2630 12.0
2631 26.0
2632 4.0
2633 12.0
2634 12.0
2635 4.0
2636 12.0
2637 32.0
2638 6.0
2639 25.0
2640 3.0
2641 1.0
2642 26.0
2643 24.0
2644 43.0
2645 65.0
2646 26.0
2647 12.0
2648 50.0
2649 4.0
2650 15.0
2651 13.0
2652 2.0
2653 1.0
2654 10.0
2655 6.0
2656 1.0
2657 12.0
2658 12.0
2659 12.0
2660 25.0
2661 12.0
2662 24.0
2663 25.0
2664 45.0
2665 12.0
2666 26.0
2667 13.0
2668 1.0
2669 12.0
2670 29.0
2671 26.0
2672 6.0
2673 1.0
2674 26.0
2675 42.0
2676 52.0
2677 2.0
2678 97.0
2679 2.0
2680 13.0
2681 50.0
2682 12.0
2683 12.0
2684 13.0
2685 3.0
2686 12.0
2687 12.0
2688 2.0
2689 25.0
2690 6.0
2691 52.0
2692 20.0
2693 14.0
2694 8.0
2695 16.0
2696 51.0
2697 12.0
2698 4.0
2699 10.0
2700 12.0
2701 50.0
2702 26.0
2703 40.0
2704 12.0
2705 25.0
2706 66.0
2707 12.0
2708 104.0
2709 26.0
2710 1.0
2711 2.0
2712 30.0
2713 99.0
2714 13.0
2715 24.0
2716 12.0
2717 1.0
2718 1.0
2719 21.0
2720 40.0
2721 12.0
2722 1.0
2723 26.0
2724 52.0
2725 26.0
2726 26.0
2727 10.0
2728 49.0
2729 148.0
2730 52.0
2731 13.0
2732 52.0
2733 15.0
2734 1.0
2735 1.0
2736 12.0
2737 1.0
2738 30.0
2739 1.0
2740 40.0
2741 54.0
2742 12.0
2743 23.0
2744 16.0
2745 25.0
2746 1.0
2747 13.0
2748 26.0
2749 26.0
2750 13.0
2751 20.0
2752 3.0
2753 51.0
2754 8.0
2755 1.0
2756 39.0
2757 12.0
2758 24.0
2759 10.0
2760 530.0
2761 49.0
2762 31.0
2763 52.0
2764 26.0
2765 1.0
2766 12.0
2767 77.0
2768 13.0
2769 25.0
2770 14.0
2771 64.0
2772 4.0
2773 26.0
2774 52.0
2775 12.0
2776 24.0
2777 1.0
2778 59.0
2779 12.0
2780 12.0
2781 1.0
2782 13.0
2783 52.0
2784 1.0
2785 15.0
2786 12.0
2787 13.0
2788 12.0
2789 170.0
2790 12.0
2791 24.0
2792 3.0
2793 47.0
2794 52.0
2795 1.0
2796 5.0
2797 12.0
2798 13.0
2799 50.0
2800 19.0
2801 51.0
2802 1.0
2803 1.0
2804 1.0
2805 26.0
2806 72.0
2807 72.0
2808 12.0
2809 12.0
2810 2.0
2811 12.0
2812 51.0
2813 12.0
2814 23.0
2815 13.0
2816 12.0
2817 40.0
2818 20.0
2819 2.0
2820 1.0
2821 12.0
2822 13.0
2823 24.0
2824 52.0
2825 21.0
2826 1.0
2827 8.0
2828 88.0
2829 1.0
2830 51.0
2831 1.0
2832 1.0
2833 44.0
2834 4.0
2835 12.0
2836 12.0
2837 43.0
2838 13.0
2839 3.0
2840 26.0
2841 20.0
2842 42.0
2843 39.0
2844 24.0
2845 1.0
2846 12.0
2847 12.0
2848 1.0
2849 26.0
2850 186.0
2851 10.0
2852 39.0
2853 24.0
2854 1.0
2855 12.0
2856 24.0
2857 13.0
2858 1.0
2859 13.0
2860 26.0
2861 30.0
2862 1.0
2863 1.0
2864 12.0
2865 12.0
2866 2.0
2867 40.0
2868 13.0
2869 38.0
2870 26.0
2871 26.0
2872 258.0
2873 1.0
2874 13.0
2875 50.0
2876 26.0
2877 1.0
2878 12.0
2879 1.0
2880 13.0
2881 1.0
2882 2.0
2883 26.0
2884 26.0
2885 26.0
2886 1.0
2887 2.0
2888 31.0
2889 26.0
2890 11.0
2891 26.0
2892 1.0
2893 1.0
2894 26.0
2895 26.0
2896 1.0
2897 14.0
2898 13.0
2899 16.0
2900 12.0
2901 3.0
2902 26.0
2903 13.0
2904 16.0
2905 3.0
2906 16.0
2907 1.0
2908 12.0
2909 4.0
2910 1.0
2911 52.0
2912 39.0
2913 1.0
2914 1.0
2915 75.0
2916 26.0
2917 13.0
2918 1.0
2919 43.0
2920 1.0
2921 23.0
2922 5.0
2923 26.0
2924 13.0
2925 92.0
2926 6.0
2927 12.0
2928 13.0
2929 25.0
2930 13.0
2931 1.0
2932 25.0
2933 3.0
2934 4.0
2935 13.0
2936 26.0
2937 38.0
2938 24.0
2939 12.0
2940 50.0
2941 1.0
2942 25.0
2943 26.0
2944 25.0
2945 52.0
2946 3.0
2947 13.0
2948 48.0
2949 1.0
2950 9.0
2951 43.0
2952 12.0
2953 26.0
2954 2.0
2955 47.0
2956 50.0
2957 26.0
2958 132.0
2959 13.0
2960 1.0
2961 13.0
2962 44.0
2963 3.0
2964 51.0
2965 13.0
2966 48.0
2967 41.0
2968 12.0
2969 34.0
2970 60.0
2971 1.0
2972 136.0
2973 13.0
2974 26.0
2975 6.0
2976 8.0
2977 32.0
2978 40.0
2979 13.0
2980 12.0
2981 2.0
2982 52.0
2983 12.0
2984 26.0
2985 13.0
2986 61.0
2987 1.0
2988 11.0
2989 24.0
2990 127.0
2991 4.0
2992 12.0
2993 26.0
2994 52.0
2995 45.0
2996 52.0
2997 13.0
2998 1.0
2999 1.0
3000 49.0
3001 26.0
3002 12.0
3003 23.0
3004 49.0
3005 12.0
3006 72.0
3007 3.0
3008 36.0
3009 175.0
3010 26.0
3011 12.0
3012 26.0
3013 12.0
3014 39.0
3015 2.0
3016 1.0
3017 26.0
3018 12.0
3019 1.0
3020 1.0
3021 25.0
3022 49.0
3023 27.0
3024 1.0
3025 26.0
3026 1.0
3027 50.0
3028 105.0
3029 63.0
3030 71.0
3031 26.0
3032 2.0
3033 3.0
3034 6.0
3035 3.0
3036 26.0
3037 26.0
3038 51.0
3039 5.0
3040 50.0
3041 12.0
3042 12.0
3043 6.0
3044 52.0
3045 6.0
3046 48.0
3047 52.0
3048 13.0
3049 12.0
3050 12.0
3051 12.0
3052 12.0
3053 51.0
3054 12.0
3055 12.0
3056 13.0
3057 12.0
3058 35.0
3059 26.0
3060 36.0
3061 32.0
3062 13.0
3063 12.0
3064 34.0
3065 1.0
3066 694.0
3067 24.0
3068 13.0
3069 4.0
3070 1.0
3071 2.0
3072 52.0
3073 48.0
3074 10.0
3075 12.0
3076 22.0
3077 86.0
3078 64.0
3079 3.0
3080 1.0
3081 199.0
3082 10.0
3083 1.0
3084 25.0
3085 1.0
3086 1.0
3087 25.0
3088 2.0
3089 1.0
3090 24.0
3091 1.0
3092 52.0
3093 51.0
3094 120.0
3095 12.0
3096 1.0
3097 44.0
3098 12.0
3099 12.0
3100 12.0
3101 12.0
3102 1.0
3103 1.0
3104 60.0
3105 75.0
3106 12.0
3107 4.0
3108 25.0
3109 1.0
3110 12.0
3111 1.0
3112 21.0
3113 2.0
3114 3.0
3115 12.0
3116 28.0
3117 1.0
3118 1.0
3119 63.0
3120 12.0
3121 12.0
3122 4.0
3123 13.0
3124 13.0
3125 12.0
3126 37.0
3127 8.0
3128 26.0
3129 4.0
3130 170.0
3131 2.0
3132 12.0
3133 13.0
3134 1.0
3135 50.0
3136 13.0
3137 6.0
3138 12.0
3139 2.0
3140 24.0
3141 26.0
3142 3.0
3143 292.0
3144 13.0
3145 1.0
3146 6.0
3147 3.0
3148 26.0
3149 1.0
3150 26.0
3151 26.0
3152 12.0
3153 37.0
3154 13.0
3155 12.0
3156 15.0
3157 52.0
3158 1.0
3159 25.0
3160 12.0
3161 1.0
3162 24.0
3163 2.0
3164 51.0
3165 12.0
3166 243.0
3167 2.0
3168 25.0
3169 51.0
3170 40.0
3171 39.0
3172 26.0
3173 46.0
3174 12.0
3175 5.0
3176 52.0
3177 12.0
3178 25.0
3179 13.0
3180 46.0
3181 25.0
3182 12.0
3183 13.0
3184 1.0
3185 2.0
3186 21.0
3187 12.0
3188 1.0
3189 3.0
3190 63.0
3191 39.0
3192 13.0
3193 2.0
3194 1.0
3195 56.0
3196 12.0
3197 72.0
3198 12.0
3199 9.0
3200 1.0
3201 50.0
3202 1.0
3203 1.0
3204 25.0
3205 105.0
3206 1.0
3207 3.0
3208 13.0
3209 12.0
3210 20.0
3211 39.0
3212 1.0
3213 44.0
3214 26.0
3215 2.0
3216 46.0
3217 50.0
3218 25.0
3219 26.0
3220 12.0
3221 3.0
3222 3.0
3223 13.0
3224 1.0
3225 13.0
3226 39.0
3227 12.0
3228 3.0
3229 23.0
3230 25.0
3231 1.0
3232 5.0
3233 12.0
3234 12.0
3235 2.0
3236 1.0
3237 25.0
3238 61.0
3239 1.0
3240 25.0
3241 6.0
3242 103.0
3243 2.0
3244 2.0
3245 49.0
3246 29.0
3247 5.0
3248 24.0
3249 42.0
3250 76.0
3251 12.0
3252 36.0
3253 1.0
3254 1.0
3255 11.0
3256 6.0
3257 3.0
3258 51.0
3259 11.0
3260 1.0
3261 40.0
3262 13.0
3263 1.0
3264 1.0
3265 26.0
3266 33.0
3267 25.0
3268 51.0
3269 20.0
3270 12.0
3271 74.0
3272 94.0
3273 1.0
3274 26.0
3275 13.0
3276 12.0
3277 296.0
3278 1.0
3279 1.0
3280 12.0
3281 13.0
3282 31.0
3283 3.0
3284 24.0
3285 12.0
3286 1.0
3287 6.0
3288 10.0
3289 36.0
3290 2.0
3291 3.0
3292 52.0
3293 20.0
3294 56.0
3295 7.0
3296 4.0
3297 1.0
3298 12.0
3299 1.0
3300 1.0
3301 1.0
3302 26.0
3303 52.0
3304 25.0
3305 1.0
3306 1.0
3307 4.0
3308 77.0
3309 1.0
3310 68.0
3311 10.0
3312 156.0
3313 26.0
3314 12.0
3315 12.0
3316 24.0
3317 52.0
3318 12.0
3319 52.0
3320 1.0
3321 13.0
3322 12.0
3323 5.0
3324 178.0
3325 13.0
3326 26.0
3327 6.0
3328 12.0
3329 6.0
3330 51.0
3331 12.0
3332 52.0
3333 4.0
3334 24.0
3335 1.0
3336 1.0
3337 13.0
3338 1.0
3339 26.0
3340 128.0
3341 12.0
3342 3.0
3343 1.0
3344 5.0
3345 26.0
3346 3.0
3347 12.0
3348 1.0
3349 52.0
3350 67.0
3351 2.0
3352 12.0
3353 46.0
3354 42.0
3355 26.0
3356 52.0
3357 1.0
3358 12.0
3359 9.0
3360 1.0
3361 12.0
3362 1.0
3363 49.0
3364 52.0
3365 6.0
3366 52.0
3367 6.0
3368 3.0
3369 1.0
3370 30.0
3371 13.0
3372 40.0
3373 5.0
3374 24.0
3375 1.0
3376 49.0
3377 1.0
3378 12.0
3379 51.0
3380 12.0
3381 55.0
3382 23.0
3383 2.0
3384 3.0
3385 13.0
3386 12.0
3387 50.0
3388 52.0
3389 47.0
3390 12.0
3391 13.0
3392 13.0
3393 12.0
3394 12.0
3395 21.0
3396 80.0
3397 52.0
3398 1.0
3399 26.0
3400 47.0
3401 50.0
3402 12.0
3403 12.0
3404 18.0
3405 10.0
3406 26.0
3407 10.0
3408 1.0
3409 6.0
3410 12.0
3411 1.0
3412 2.0
3413 150.0
3414 10.0
3415 12.0
3416 12.0
3417 32.0
3418 26.0
3419 1.0
3420 192.0
3421 13.0
3422 1.0
3423 4.0
3424 13.0
3425 26.0
3426 2.0
3427 25.0
3428 10.0
3429 4.0
3430 1.0
3431 1.0
3432 105.0
3433 47.0
3434 51.0
3435 3.0
3436 13.0
3437 1.0
3438 1.0
3439 26.0
3440 51.0
3441 12.0
3442 130.0
3443 26.0
3444 1.0
3445 40.0
3446 1.0
3447 13.0
3448 48.0
3449 26.0
3450 1.0
3451 16.0
3452 12.0
3453 50.0
3454 11.0
3455 1.0
3456 39.0
3457 13.0
3458 305.0
3459 53.0
3460 26.0
3461 52.0
3462 10.0
3463 20.0
3464 115.0
3465 10.0
3466 10.0
3467 55.0
3468 84.0
3469 47.0
3470 12.0
3471 12.0
3472 26.0
3473 74.0
3474 5.0
3475 1.0
3476 12.0
3477 1.0
3478 13.0
3479 1.0
3480 10.0
3481 26.0
3482 3.0
3483 6.0
3484 26.0
3485 1.0
3486 26.0
3487 3.0
3488 12.0
3489 1.0
3490 3.0
3491 1.0
3492 1.0
3493 40.0
3494 25.0
3495 1.0
3496 265.0
3497 260.0
3498 13.0
3499 1.0
3500 26.0
3501 2.0
3502 13.0
3503 18.0
3504 12.0
3505 191.0
3506 26.0
3507 69.0
3508 24.0
3509 60.0
3510 64.0
3511 39.0
3512 1.0
3513 70.0
3514 26.0
3515 13.0
3516 1.0
3517 25.0
3518 23.0
3519 101.0
3520 12.0
3521 26.0
3522 1.0
3523 1.0
3524 12.0
3525 13.0
3526 48.0
3527 24.0
3528 3.0
3529 49.0
3530 13.0
3531 34.0
3532 173.0
3533 13.0
3534 1.0
3535 13.0
3536 1.0
3537 12.0
3538 13.0
3539 1.0
3540 26.0
3541 43.0
3542 52.0
3543 26.0
3544 119.0
3545 1.0
3546 23.0
3547 10.0
3548 24.0
3549 83.0
3550 1.0
3551 13.0
3552 2.0
3553 4.0
3554 27.0
3555 12.0
3556 1.0
3557 12.0
3558 26.0
3559 65.0
3560 50.0
3561 1.0
3562 39.0
3563 52.0
3564 26.0
3565 1.0
3566 1.0
3567 45.0
3568 4.0
3569 15.0
3570 12.0
3571 15.0
3572 13.0
3573 3.0
3574 12.0
3575 39.0
3576 53.0
3577 1.0
3578 2.0
3579 49.0
3580 1.0
3581 1.0
3582 10.0
3583 50.0
3584 1.0
3585 67.0
3586 6.0
3587 12.0
3588 182.0
3589 1.0
3590 12.0
3591 35.0
3592 30.0
3593 51.0
3594 12.0
3595 30.0
3596 70.0
3597 1.0
3598 13.0
3599 13.0
3600 50.0
3601 3.0
3602 22.0
3603 2.0
3604 12.0
3605 3.0
3606 26.0
3607 24.0
3608 1.0
3609 2.0
3610 10.0
3611 6.0
3612 26.0
3613 13.0
3614 12.0
3615 26.0
3616 26.0
3617 26.0
3618 1.0
3619 12.0
3620 25.0
3621 115.0
3622 13.0
3623 52.0
3624 7.0
3625 13.0
3626 4.0
3627 12.0
3628 726.0
3629 12.0
3630 1.0
3631 26.0
3632 26.0
3633 20.0
3634 3.0
3635 1.0
3636 52.0
3637 2.0
3638 1.0
3639 13.0
3640 12.0
3641 12.0
3642 1.0
3643 1.0
3644 2.0
3645 1.0
3646 26.0
3647 1.0
3648 2.0
3649 2.0
3650 24.0
3651 25.0
3652 10.0
3653 10.0
3654 37.0
3655 1.0
3656 47.0
3657 103.0
3658 1.0
3659 52.0
3660 1.0
3661 48.0
3662 1.0
3663 12.0
3664 26.0
3665 4.0
3666 39.0
3667 4.0
3668 39.0
3669 13.0
3670 13.0
3671 25.0
3672 51.0
3673 1.0
3674 151.0
3675 12.0
3676 1.0
3677 3.0
3678 48.0
3679 16.0
3680 23.0
3681 12.0
3682 12.0
3683 26.0
3684 1.0
3685 22.0
3686 51.0
3687 11.0
3688 56.0
3689 13.0
3690 24.0
3691 12.0
3692 24.0
3693 1.0
3694 26.0
3695 38.0
3696 26.0
3697 12.0
3698 4.0
3699 26.0
3700 4.0
3701 3.0
3702 1.0
3703 1.0
3704 1.0
3705 13.0
3706 24.0
3707 1.0
3708 1.0
3709 1.0
3710 26.0
3711 23.0
3712 12.0
3713 13.0
3714 4.0
3715 12.0
3716 1.0
3717 12.0
3718 6.0
3719 12.0
3720 46.0
3721 3.0
3722 26.0
3723 24.0
3724 1.0
3725 96.0
3726 26.0
3727 52.0
3728 1.0
3729 10.0
3730 33.0
3731 13.0
3732 12.0
3733 1.0
3734 12.0
3735 1.0
3736 110.0
3737 1.0
3738 12.0
3739 6.0
3740 1.0
3741 16.0
3742 1.0
3743 12.0
3744 24.0
3745 22.0
3746 46.0
3747 47.0
3748 1.0
3749 2.0
3750 1.0
3751 10.0
3752 12.0
3753 48.0
3754 52.0
3755 26.0
3756 2.0
3757 110.0
3758 50.0
3759 26.0
3760 52.0
3761 25.0
3762 1.0
3763 1.0
3764 39.0
3765 45.0
3766 20.0
3767 12.0
3768 13.0
3769 1.0
3770 6.0
3771 1.0
3772 12.0
3773 45.0
3774 12.0
3775 510.0
3776 12.0
3777 13.0
3778 25.0
3779 12.0
3780 13.0
3781 12.0
3782 78.0
3783 4.0
3784 51.0
3785 13.0
3786 6.0
3787 13.0
3788 3.0
3789 4.0
3790 4.0
3791 2.0
3792 1.0
3793 4.0
3794 35.0
3795 1.0
3796 12.0
3797 39.0
3798 1.0
3799 2.0
3800 1.0
3801 1.0
3802 13.0
3803 4.0
3804 15.0
3805 52.0
3806 50.0
3807 24.0
3808 13.0
3809 12.0
3810 1.0
3811 36.0
3812 12.0
3813 24.0
3814 13.0
3815 1.0
3816 2.0
3817 1.0
3818 26.0
3819 51.0
3820 4.0
3821 1.0
3822 12.0
3823 11.0
3824 95.0
3825 13.0
3826 12.0
3827 1.0
3828 13.0
3829 45.0
3830 4.0
3831 26.0
3832 1.0
3833 45.0
3834 1.0
3835 13.0
3836 12.0
3837 17.0
3838 40.0
3839 11.0
3840 62.0
3841 12.0
3842 12.0
3843 12.0
3844 13.0
3845 1.0
3846 15.0
3847 24.0
3848 1.0
3849 1.0
3850 48.0
3851 2.0
3852 127.0
3853 15.0
3854 50.0
3855 16.0
3856 127.0
3857 13.0
3858 13.0
3859 39.0
3860 3.0
3861 26.0
3862 1.0
3863 1.0
3864 4.0
3865 7.0
3866 45.0
3867 26.0
3868 3.0
3869 40.0
3870 39.0
3871 26.0
3872 1.0
3873 12.0
3874 1.0
3875 2.0
3876 26.0
3877 12.0
3878 3.0
3879 1.0
3880 52.0
3881 12.0
3882 1.0
3883 1.0
3884 1.0
3885 1.0
3886 26.0
3887 12.0
3888 7.0
3889 50.0
3890 52.0
3891 26.0
3892 52.0
3893 64.0
3894 1.0
3895 51.0
3896 2.0
3897 26.0
3898 2.0
3899 1.0
3900 1.0
3901 26.0
3902 26.0
3903 13.0
3904 1.0
3905 104.0
3906 13.0
3907 10.0
3908 1.0
3909 1.0
3910 3.0
3911 13.0
3912 162.0
3913 13.0
3914 19.0
3915 2.0
3916 51.0
3917 6.0
3918 1.0
3919 52.0
3920 143.0
3921 3.0
3922 1.0
3923 52.0
3924 46.0
3925 20.0
3926 1.0
3927 73.0
3928 1.0
3929 26.0
3930 1.0
3931 11.0
3932 12.0
3933 12.0
3934 3.0
3935 1.0
3936 33.0
3937 2.0
3938 10.0
3939 102.0
3940 312.0
3941 312.0
3942 12.0
3943 22.0
3944 33.0
3945 3.0
3946 13.0
3947 3.0
3948 1.0
3949 12.0
3950 12.0
3951 31.0
3952 6.0
3953 1.0
3954 51.0
3955 88.0
3956 52.0
3957 24.0
3958 24.0
3959 1.0
3960 1.0
3961 20.0
3962 1.0
3963 2.0
3964 1.0
3965 96.0
3966 26.0
3967 100.0
3968 1.0
3969 25.0
3970 1.0
3971 26.0
3972 13.0
3973 1.0
3974 23.0
3975 12.0
3976 2.0
3977 60.0
3978 26.0
3979 26.0
3980 1.0
3981 46.0
3982 48.0
3983 73.0
3984 26.0
3985 48.0
3986 12.0
3987 1.0
3988 32.0
3989 26.0
3990 1.0
3991 20.0
3992 51.0
3993 2.0
3994 26.0
3995 25.0
3996 12.0
3997 1.0
3998 52.0
3999 104.0
4000 1.0
4001 10.0
4002 4.0
4003 1.0
4004 60.0
4005 4.0
4006 52.0
4007 26.0
4008 73.0
4009 1.0
4010 39.0
4011 52.0
4012 26.0
4013 1.0
4014 49.0
4015 27.0
4016 26.0
4017 48.0
4018 11.0
4019 102.0
4020 6.0
4021 12.0
4022 2.0
4023 3.0
4024 12.0
4025 40.0
4026 26.0
4027 3.0
4028 1.0
4029 52.0
4030 12.0
4031 84.0
4032 60.0
4033 1.0
4034 2.0
4035 1.0
4036 1.0
4037 43.0
4038 12.0
4039 53.0
4040 15.0
4041 22.0
4042 13.0
4043 12.0
4044 5.0
4045 25.0
4046 12.0
4047 51.0
4048 20.0
4049 26.0
4050 39.0
4051 12.0
4052 24.0
4053 1.0
4054 52.0
4055 47.0
4056 24.0
4057 52.0
4058 10.0
4059 4.0
4060 34.0
4061 52.0
4062 52.0
4063 22.0
4064 1.0
4065 1.0
4066 1.0
4067 52.0
4068 26.0
4069 24.0
4070 59.0
4071 1.0
4072 12.0
4073 10.0
4074 26.0
4075 1.0
4076 13.0
4077 12.0
4078 43.0
4079 1.0
4080 52.0
4081 11.0
4082 4.0
4083 1.0
4084 26.0
4085 12.0
4086 124.0
4087 1.0
4088 27.0
4089 22.0
4090 12.0
4091 13.0
4092 1.0
4093 1.0
4094 92.0
4095 26.0
4096 1.0
4097 1.0
4098 1.0
4099 24.0
4100 12.0
4101 12.0
4102 25.0
4103 12.0
4104 52.0
4105 26.0
4106 1.0
4107 12.0
4108 1.0
4109 24.0
4110 2.0
4111 52.0
4112 26.0
4113 1.0
4114 50.0
4115 200.0
4116 6.0
4117 12.0
4118 12.0
4119 1.0
4120 26.0
4121 13.0
4122 3.0
4123 12.0
4124 52.0
4125 65.0
4126 32.0
4127 52.0
4128 24.0
4129 1.0
4130 11.0
4131 40.0
4132 12.0
4133 1.0
4134 48.0
4135 12.0
4136 50.0
4137 1.0
4138 48.0
4139 6.0
4140 54.0
4141 12.0
4142 26.0
4143 12.0
4144 3.0
4145 39.0
4146 172.0
4147 13.0
4148 1.0
4149 13.0
4150 1.0
4151 4.0
4152 7.0
4153 431.0
4154 12.0
4155 6.0
4156 1.0
4157 52.0
4158 24.0
4159 26.0
4160 2.0
4161 26.0
4162 1.0
4163 30.0
4164 1.0
4165 52.0
4166 12.0
4167 1.0
4168 1.0
4169 52.0
4170 1.0
4171 10.0
4172 1.0
4173 12.0
4174 51.0
4175 24.0
4176 47.0
4177 1.0
4178 26.0
4179 13.0
4180 26.0
4181 3.0
4182 35.0
4183 1.0
4184 1.0
4185 13.0
4186 13.0
4187 39.0
4188 52.0
4189 4.0
4190 49.0
4191 12.0
4192 51.0
4193 12.0
4194 52.0
4195 51.0
4196 24.0
4197 51.0
4198 13.0
4199 13.0
4200 4.0
4201 21.0
4202 1.0
4203 3.0
4204 12.0
4205 12.0
4206 12.0
4207 1.0
4208 1.0
4209 1.0
4210 25.0
4211 5.0
4212 4.0
4213 12.0
4214 10.0
4215 50.0
4216 22.0
4217 1.0
4218 3.0
4219 13.0
4220 12.0
4221 119.0
4222 44.0
4223 1.0
4224 1.0
4225 25.0
4226 2.0
4227 12.0
4228 12.0
4229 48.0
4230 2.0
4231 51.0
4232 1.0
4233 4.0
4234 101.0
4235 1.0
4236 12.0
4237 1.0
4238 22.0
4239 26.0
4240 1.0
4241 26.0
4242 1.0
4243 1.0
4244 12.0
4245 51.0
4246 52.0
4247 26.0
4248 22.0
4249 22.0
4250 1.0
4251 50.0
4252 1.0
4253 12.0
4254 1.0
4255 52.0
4256 12.0
4257 26.0
4258 20.0
4259 38.0
4260 3.0
4261 1.0
4262 2.0
4263 13.0
4264 147.0
4265 12.0
4266 52.0
4267 26.0
4268 26.0
4269 26.0
4270 1.0
4271 13.0
4272 20.0
4273 1.0
4274 52.0
4275 26.0
4276 10.0
4277 1.0
4278 40.0
4279 773.0
4280 1.0
4281 52.0
4282 12.0
4283 25.0
4284 47.0
4285 51.0
4286 26.0
4287 12.0
4288 39.0
4289 114.0
4290 12.0
4291 1.0
4292 1.0
4293 50.0
4294 12.0
4295 26.0
4296 24.0
4297 52.0
4298 12.0
4299 13.0
4300 24.0
4301 1.0
4302 104.0
4303 2.0
4304 32.0
4305 61.0
4306 26.0
4307 12.0
4308 3.0
4309 13.0
4310 365.0
4311 45.0
4312 51.0
4313 6.0
4314 1.0
4315 45.0
4316 35.0
4317 16.0
4318 6.0
4319 13.0
4320 50.0
4321 4.0
4322 65.0
4323 13.0
4324 11.0
4325 12.0
4326 13.0
4327 2.0
4328 1.0
4329 43.0
4330 26.0
4331 26.0
4332 12.0
4333 5.0
4334 163.0
4335 12.0
4336 1.0
4337 51.0
4338 8.0
4339 109.0
4340 1.0
4341 1.0
4342 26.0
4343 13.0
4344 180.0
4345 13.0
4346 13.0
4347 33.0
4348 25.0
4349 13.0
4350 12.0
4351 52.0
4352 11.0
4353 1.0
4354 1.0
4355 13.0
4356 51.0
4357 10.0
4358 3.0
4359 1.0
4360 1.0
4361 26.0
4362 1.0
4363 1.0
4364 12.0
4365 44.0
4366 52.0
4367 1.0
4368 135.0
4369 1.0
4370 39.0
4371 26.0
4372 24.0
4373 26.0
4374 52.0
4375 1.0
4376 40.0
4377 13.0
4378 13.0
4379 1.0
4380 6.0
4381 1.0
4382 1.0
4383 26.0
4384 149.0
4385 52.0
4386 18.0
4387 49.0
4388 26.0
4389 100.0
4390 12.0
4391 3.0
4392 2.0
4393 1.0
4394 12.0
4395 6.0
4396 52.0
4397 26.0
4398 51.0
4399 25.0
4400 22.0
4401 6.0
4402 13.0
4403 12.0
4404 1.0
4405 12.0
4406 12.0
4407 1.0
4408 16.0
4409 1.0
4410 16.0
4411 26.0
4412 10.0
4413 52.0
4414 22.0
4415 40.0
4416 40.0
4417 1.0
4418 1.0
4419 12.0
4420 27.0
4421 13.0
4422 1.0
4423 1.0
4424 26.0
4425 12.0
4426 1.0
4427 3.0
4428 12.0
4429 1.0
4430 1.0
4431 86.0
4432 39.0
4433 25.0
4434 1.0
4435 12.0
4436 24.0
4437 24.0
4438 12.0
4439 3.0
4440 12.0
4441 44.0
4442 1.0
4443 3.0
4444 6.0
4445 51.0
4446 12.0
4447 26.0
4448 13.0
4449 58.0
4450 77.0
4451 100.0
4452 38.0
4453 38.0
4454 1.0
4455 1.0
4456 1.0
4457 6.0
4458 26.0
4459 1.0
4460 1.0
4461 1.0
4462 24.0
4463 51.0
4464 12.0
4465 1.0
4466 4.0
4467 2.0
4468 1.0
4469 11.0
4470 24.0
4471 1.0
4472 3.0
4473 1.0
4474 1.0
4475 54.0
4476 13.0
4477 54.0
4478 1.0
4479 25.0
4480 12.0
4481 20.0
4482 1.0
4483 132.0
4484 130.0
4485 1.0
4486 13.0
4487 1.0
4488 1.0
4489 1.0
4490 1.0
4491 26.0
4492 80.0
4493 1.0
4494 12.0
4495 1.0
4496 38.0
4497 56.0
4498 28.0
4499 26.0
4500 12.0
4501 12.0
4502 12.0
4503 23.0
4504 13.0
4505 25.0
4506 22.0
4507 1.0
4508 27.0
4509 4.0
4510 41.0
4511 13.0
4512 26.0
4513 13.0
4514 32.0
4515 25.0
4516 156.0
4517 1.0
4518 1.0
4519 1.0
4520 4.0
4521 12.0
4522 3.0
4523 12.0
4524 12.0
4525 26.0
4526 12.0
4527 13.0
4528 53.0
4529 4.0
4530 26.0
4531 50.0
4532 12.0
4533 12.0
4534 1.0
4535 12.0
4536 49.0
4537 2.0
4538 26.0
4539 1.0
4540 13.0
4541 12.0
4542 47.0
4543 12.0
4544 12.0
4545 2.0
4546 12.0
4547 1.0
4548 1.0
4549 4.0
4550 1.0
4551 3.0
4552 1.0
4553 25.0
4554 22.0
4555 26.0
4556 1.0
4557 2.0
4558 24.0
4559 23.0
4560 1.0
4561 1.0
4562 25.0
4563 16.0
4564 6.0
4565 12.0
4566 45.0
4567 10.0
4568 52.0
4569 10.0
4570 10.0
4571 35.0
4572 1.0
4573 1.0
4574 45.0
4575 13.0
4576 52.0
4577 12.0
4578 1.0
4579 26.0
4580 12.0
4581 1.0
4582 51.0
4583 12.0
4584 26.0
4585 1.0
4586 13.0
4587 12.0
4588 9.0
4589 1.0
4590 12.0
4591 1.0
4592 26.0
4593 47.0
4594 13.0
4595 1.0
4596 1.0
4597 78.0
4598 2.0
4599 3.0
4600 1.0
4601 26.0
4602 1.0
4603 1.0
4604 25.0
4605 24.0
4606 26.0
4607 25.0
4608 12.0
4609 54.0
4610 12.0
4611 2.0
4612 9.0
4613 11.0
4614 1.0
4615 4.0
4616 1.0
4617 12.0
4618 12.0
4619 164.0
4620 53.0
4621 26.0
4622 1.0
4623 3.0
4624 12.0
4625 1.0
4626 1.0
4627 2.0
4628 26.0
4629 15.0
4630 26.0
4631 56.0
4632 52.0
4633 26.0
4634 12.0
4635 26.0
4636 7.0
4637 1.0
4638 13.0
4639 1.0
4640 42.0
4641 11.0
4642 156.0
4643 26.0
4644 10.0
4645 52.0
4646 6.0
4647 1.0
4648 1.0
4649 25.0
4650 30.0
4651 1.0
4652 193.0
4653 46.0
4654 12.0
4655 12.0
4656 26.0
4657 1.0
4658 26.0
4659 108.0
4660 1.0
4661 51.0
4662 13.0
4663 1.0
4664 52.0
4665 64.0
4666 26.0
4667 3.0
4668 13.0
4669 13.0
4670 1.0
4671 12.0
4672 1.0
4673 1.0
4674 1.0
4675 12.0
4676 1.0
4677 60.0
4678 26.0
4679 12.0
4680 1.0
4681 1.0
4682 45.0
4683 63.0
4684 305.0
4685 39.0
4686 10.0
4687 50.0
4688 12.0
4689 23.0
4690 4.0
4691 6.0
4692 73.0
4693 51.0
4694 1.0
4695 12.0
4696 1.0
4697 14.0
4698 2.0
4699 1.0
4700 13.0
4701 12.0
4702 20.0
4703 100.0
4704 4.0
4705 12.0
4706 8.0
4707 50.0
4708 163.0
4709 26.0
4710 4.0
4711 1.0
4712 1.0
4713 12.0
4714 2.0
4715 36.0
4716 26.0
4717 1.0
4718 200.0
4719 22.0
4720 26.0
4721 12.0
4722 52.0
4723 13.0
4724 26.0
4725 52.0
4726 1.0
4727 12.0
4728 49.0
4729 12.0
4730 12.0
4731 1.0
4732 156.0
4733 1.0
4734 52.0
4735 13.0
4736 1.0
4737 12.0
4738 52.0
4739 16.0
4740 1.0
4741 5.0
4742 27.0
4743 52.0
4744 1.0
4745 1.0
4746 4.0
4747 59.0
4748 12.0
4749 12.0
4750 1.0
4751 1.0
4752 1.0
4753 1.0
4754 47.0
4755 26.0
4756 2.0
4757 1.0
4758 1.0
4759 3.0
4760 26.0
4761 15.0
4762 1.0
4763 20.0
4764 1.0
4765 13.0
4766 50.0
4767 10.0
4768 1.0
4769 2.0
4770 20.0
4771 1.0
4772 1.0
4773 32.0
4774 26.0
4775 42.0
4776 1.0
4777 97.0
4778 1.0
4779 1.0
4780 51.0
4781 1.0
4782 12.0
4783 12.0
4784 50.0
4785 10.0
4786 12.0
4787 13.0
4788 50.0
4789 39.0
4790 12.0
4791 13.0
4792 2.0
4793 12.0
4794 7.0
4795 3.0
4796 1.0
4797 13.0
4798 12.0
4799 29.0
4800 2.0
4801 39.0
4802 2.0
4803 1.0
4804 1.0
4805 26.0
4806 1.0
4807 52.0
4808 23.0
4809 18.0
4810 1.0
4811 1.0
4812 1.0
4813 1.0
4814 26.0
4815 3.0
4816 11.0
4817 12.0
4818 108.0
4819 1.0
4820 1.0
4821 1.0
4822 13.0
4823 39.0
4824 72.0
4825 4.0
4826 1.0
4827 12.0
4828 23.0
4829 1.0
4830 8.0
4831 1.0
4832 12.0
4833 3.0
4834 13.0
4835 13.0
4836 50.0
4837 1.0
4838 52.0
4839 1.0
4840 22.0
4841 1.0
4842 2.0
4843 1.0
4844 1.0
4845 12.0
4846 33.0
4847 33.0
4848 1.0
4849 117.0
4850 35.0
4851 214.0
4852 108.0
4853 13.0
4854 52.0
4855 4.0
4856 3.0
4857 51.0
4858 37.0
4859 3.0
4860 36.0
4861 16.0
4862 25.0
4863 8.0
4864 10.0
4865 1.0
4866 1.0
4867 1.0
4868 3.0
4869 13.0
4870 13.0
4871 1.0
4872 12.0
4873 52.0
4874 3.0
4875 52.0
4876 13.0
4877 39.0
4878 12.0
4879 12.0
4880 26.0
4881 1.0
4882 1.0
4883 41.0
4884 30.0
4885 47.0
4886 52.0
4887 36.0
4888 4.0
4889 13.0
4890 26.0
4891 26.0
4892 1.0
4893 35.0
4894 46.0
4895 1.0
4896 91.0
4897 65.0
4898 1.0
4899 26.0
4900 50.0
4901 100.0
4902 1.0
4903 37.0
4904 43.0
4905 26.0
4906 2.0
4907 744.0
4908 10.0
4909 1.0
4910 39.0
4911 12.0
4912 526.0
4913 26.0
4914 1.0
4915 1.0
4916 13.0
4917 12.0
4918 1.0
4919 1.0
4920 12.0
4921 5.0
4922 26.0
4923 2.0
4924 26.0
4925 3.0
4926 2.0
4927 52.0
4928 1.0
4929 1.0
4930 3.0
4931 13.0
4932 39.0
4933 13.0
4934 1.0
4935 39.0
4936 65.0
4937 12.0
4938 96.0
4939 4.0
4940 39.0
4941 86.0
4942 1.0
4943 47.0
4944 26.0
4945 52.0
4946 13.0
4947 13.0
4948 23.0
4949 12.0
4950 26.0
4951 1.0
4952 8.0
4953 1.0
4954 52.0
4955 48.0
4956 26.0
4957 1.0
4958 1.0
4959 331.0
4960 16.0
4961 8.0
4962 12.0
4963 24.0
4964 15.0
4965 21.0
4966 12.0
4967 1.0
4968 16.0
4969 13.0
4970 3.0
4971 1.0
4972 52.0
4973 3.0
4974 12.0
4975 1.0
4976 22.0
4977 3.0
4978 16.0
4979 1.0
4980 26.0
4981 39.0
4982 1.0
4983 13.0
4984 30.0
4985 1.0
4986 1.0
4987 3.0
4988 26.0
4989 24.0
4990 2.0
4991 37.0
4992 12.0
4993 1.0
4994 26.0
4995 12.0
4996 12.0
4997 12.0
4998 50.0
4999 1.0
5000 32.0
5001 4.0
5002 47.0
5003 1.0
5004 195.0
5005 105.0
5006 2.0
5007 26.0
5008 12.0
5009 4.0
5010 26.0
5011 1.0
5012 52.0
5013 11.0
5014 12.0
5015 135.0
5016 24.0
5017 41.0
5018 4.0
5019 12.0
5020 4.0
5021 12.0
5022 12.0
5023 25.0
5024 29.0
5025 9.0
5026 50.0
5027 13.0
5028 2.0
5029 1.0
5030 26.0
5031 52.0
5032 1.0
5033 35.0
5034 19.0
5035 1.0
5036 13.0
5037 2.0
5038 14.0
5039 13.0
5040 43.0
5041 2.0
5042 1.0
5043 12.0
5044 1.0
5045 22.0
5046 12.0
5047 12.0
5048 26.0
5049 25.0
5050 1.0
5051 26.0
5052 1.0
5053 12.0
5054 1.0
5055 26.0
5056 38.0
5057 52.0
5058 13.0
5059 12.0
5060 52.0
5061 2.0
5062 39.0
5063 13.0
5064 1.0
5065 24.0
5066 3.0
5067 3.0
5068 5.0
5069 12.0
5070 50.0
5071 2.0
5072 13.0
5073 1.0
5074 14.0
5075 100.0
5076 52.0
5077 6.0
5078 24.0
5079 4.0
5080 4.0
5081 12.0
5082 1.0
5083 24.0
5084 24.0
5085 30.0
5086 1.0
5087 1.0
5088 35.0
5089 77.0
5090 11.0
5091 26.0
5092 24.0
5093 16.0
5094 52.0
5095 10.0
5096 1.0
5097 4.0
5098 1.0
5099 16.0
5100 16.0
5101 12.0
5102 1.0
5103 6.0
5104 3.0
5105 2.0
5106 25.0
5107 13.0
5108 77.0
5109 50.0
5110 2.0
5111 29.0
5112 56.0
5113 37.0
5114 4.0
5115 12.0
5116 52.0
5117 1.0
5118 1.0
5119 10.0
5120 1.0
5121 12.0
5122 12.0
5123 13.0
5124 1.0
5125 12.0
5126 1.0
5127 26.0
5128 1.0
5129 52.0
5130 1.0
5131 13.0
5132 1.0
5133 11.0
5134 13.0
5135 32.0
5136 4.0
5137 1.0
5138 1.0
5139 52.0
5140 2.0
5141 38.0
5142 6.0
5143 26.0
5144 1.0
5145 1.0
5146 12.0
5147 52.0
5148 13.0
5149 1.0
5150 6.0
5151 1.0
5152 3.0
5153 26.0
5154 13.0
5155 7.0
5156 26.0
5157 1.0
5158 2.0
5159 26.0
5160 2.0
5161 26.0
5162 52.0
5163 1.0
5164 30.0
5165 26.0
5166 63.0
5167 2.0
5168 6.0
5169 30.0
5170 1.0
5171 24.0
5172 4.0
5173 12.0
5174 1.0
5175 3.0
5176 26.0
5177 8.0
5178 1.0
5179 3.0
5180 12.0
5181 39.0
5182 2.0
5183 1.0
5184 1.0
5185 12.0
5186 1.0
5187 13.0
5188 12.0
5189 5.0
5190 12.0
5191 12.0
5192 1.0
5193 1.0
5194 48.0
5195 12.0
5196 4.0
5197 1.0
5198 1.0
5199 1.0
5200 13.0
5201 1.0
5202 139.0
5203 13.0
5204 26.0
5205 12.0
5206 156.0
5207 1.0
5208 44.0
5209 20.0
5210 13.0
5211 39.0
5212 24.0
5213 3.0
5214 24.0
5215 2.0
5216 1.0
5217 26.0
5218 1.0
5219 26.0
5220 1.0
5221 1.0
5222 10.0
5223 1.0
5224 4.0
5225 4.0
5226 13.0
5227 2.0
5228 26.0
5229 1.0
5230 52.0
5231 1.0
5232 1.0
5233 8.0
5234 13.0
5235 39.0
5236 1.0
5237 103.0
5238 12.0
5239 1.0
5240 38.0
5241 47.0
5242 12.0
5243 26.0
5244 40.0
5245 3.0
5246 26.0
5247 13.0
5248 13.0
5249 12.0
5250 1.0
5251 104.0
5252 1.0
5253 12.0
5254 13.0
5255 1.0
5256 13.0
5257 1.0
5258 13.0
5259 13.0
5260 12.0
5261 1.0
5262 26.0
5263 6.0
5264 26.0
5265 13.0
5266 13.0
5267 13.0
5268 1.0
5269 6.0
5270 1.0
5271 12.0
5272 13.0
5273 12.0
5274 25.0
5275 12.0
5276 39.0
5277 1.0
5278 20.0
5279 50.0
5280 13.0
5281 51.0
5282 37.0
5283 52.0
5284 13.0
5285 1.0
5286 43.0
5287 1.0
5288 1.0
5289 96.0
5290 2.0
5291 12.0
5292 1.0
5293 1.0
5294 1.0
5295 2.0
5296 13.0
5297 13.0
5298 13.0
5299 38.0
5300 1.0
5301 13.0
5302 1.0
5303 26.0
5304 16.0
5305 52.0
5306 1.0
5307 13.0
5308 1.0
5309 12.0
5310 7.0
5311 38.0
5312 27.0
5313 12.0
5314 12.0
5315 14.0
5316 26.0
5317 1.0
5318 1.0
5319 42.0
5320 13.0
5321 1.0
5322 24.0
5323 1.0
5324 13.0
5325 26.0
5326 1.0
5327 156.0
5328 1.0
5329 12.0
5330 12.0
5331 25.0
5332 49.0
5333 10.0
5334 22.0
5335 11.0
5336 1.0
5337 1.0
5338 1.0
5339 3.0
5340 6.0
5341 27.0
5342 13.0
5343 2.0
5344 170.0
5345 3.0
5346 12.0
5347 12.0
5348 1.0
5349 10.0
5350 26.0
5351 1.0
5352 12.0
5353 14.0
5354 12.0
5355 12.0
5356 1.0
5357 24.0
5358 12.0
5359 3.0
5360 1.0
5361 1.0
5362 1.0
5363 2.0
5364 1.0
5365 12.0
5366 26.0
5367 13.0
5368 25.0
5369 48.0
5370 83.0
5371 3.0
5372 12.0
5373 1.0
5374 13.0
5375 1.0
5376 1.0
5377 12.0
5378 26.0
5379 1.0
5380 39.0
5381 12.0
5382 12.0
5383 1.0
5384 52.0
5385 3.0
5386 29.0
5387 26.0
5388 1.0
5389 65.0
5390 6.0
5391 260.0
5392 26.0
5393 26.0
5394 12.0
5395 8.0
5396 26.0
5397 12.0
5398 10.0
5399 1.0
5400 13.0
5401 12.0
5402 1.0
5403 13.0
5404 12.0
5405 1.0
5406 2.0
5407 36.0
5408 1.0
5409 156.0
5410 13.0
5411 3.0
5412 52.0
5413 13.0
5414 52.0
5415 1.0
5416 26.0
5417 12.0
5418 1.0
5419 1.0
5420 12.0
5421 1.0
5422 26.0
5423 52.0
5424 23.0
5425 44.0
5426 39.0
5427 90.0
5428 51.0
5429 52.0
5430 12.0
5431 1.0
5432 1.0
5433 20.0
5434 2.0
5435 12.0
5436 13.0
5437 39.0
5438 13.0
5439 24.0
5440 1.0
5441 26.0
5442 12.0
5443 3.0
5444 35.0
5445 51.0
5446 1.0
5447 26.0
5448 24.0
5449 3.0
5450 13.0
5451 1.0
5452 13.0
5453 1.0
5454 1.0
5455 25.0
5456 26.0
5457 13.0
5458 3.0
5459 48.0
5460 12.0
5461 34.0
5462 24.0
5463 8.0
5464 24.0
5465 2.0
5466 3.0
5467 1.0
5468 48.0
5469 1.0
5470 48.0
5471 53.0
5472 1.0
5473 3.0
5474 26.0
5475 181.0
5476 2.0
5477 14.0
5478 40.0
5479 13.0
5480 4.0
5481 26.0
5482 7.0
5483 1.0
5484 30.0
5485 8.0
5486 4.0
5487 2.0
5488 26.0
5489 28.0
5490 14.0
5491 26.0
5492 24.0
5493 4.0
5494 2.0
5495 3.0
5496 26.0
5497 1.0
5498 26.0
5499 2.0
5500 2.0
5501 8.0
5502 12.0
5503 26.0
5504 13.0
5505 1.0
5506 51.0
5507 6.0
5508 50.0
5509 1.0
5510 12.0
5511 7.0
5512 24.0
5513 44.0
5514 8.0
5515 26.0
5516 2.0
5517 3.0
5518 26.0
5519 3.0
5520 1.0
5521 25.0
5522 12.0
5523 55.0
5524 1.0
5525 1.0
5526 1.0
5527 1.0
5528 1.0
5529 52.0
5530 47.0
5531 1.0
5532 50.0
5533 4.0
5534 1.0
5535 26.0
5536 8.0
5537 12.0
5538 1.0
5539 1.0
5540 1.0
5541 1.0
5542 94.0
5543 1.0
5544 12.0
5545 1.0
5546 61.0
5547 25.0
5548 142.0
5549 12.0
5550 1.0
5551 1.0
5552 12.0
5553 26.0
5554 1.0
5555 26.0
5556 12.0
5557 24.0
5558 12.0
5559 33.0
5560 1.0
5561 51.0
5562 26.0
5563 1.0
5564 12.0
5565 5.0
5566 50.0
5567 26.0
5568 26.0
5569 12.0
5570 1.0
5571 5.0
5572 1.0
5573 1.0
5574 2.0
5575 52.0
5576 32.0
5577 22.0
5578 263.0
5579 13.0
5580 6.0
5581 1.0
5582 1.0
5583 13.0
5584 1.0
5585 1.0
5586 4.0
5587 2.0
5588 12.0
5589 4.0
5590 52.0
5591 13.0
5592 1.0
5593 51.0
5594 22.0
5595 1.0
5596 13.0
5597 4.0
5598 13.0
5599 1.0
5600 1.0
5601 4.0
5602 2.0
5603 12.0
5604 4.0
5605 52.0
5606 13.0
5607 1.0
5608 51.0
5609 22.0
5610 1.0
5611 13.0
5612 4.0
5613 13.0
5614 78.0
5615 1.0
5616 13.0
5617 66.0
5618 1.0
5619 1.0
5620 12.0
5621 3.0
5622 12.0
5623 24.0
5624 25.0
5625 26.0
5626 12.0
5627 1.0
5628 3.0
5629 3.0
5630 1.0
5631 11.0
5632 13.0
5633 1.0
5634 51.0
5635 13.0
5636 26.0
5637 12.0
5638 6.0
5639 4.0
5640 25.0
5641 12.0
5642 56.0
5643 13.0
5644 1.0
5645 29.0
5646 11.0
5647 10.0
5648 1.0
5649 3.0
5650 1.0
5651 13.0
5652 12.0
5653 2.0
5654 1.0
5655 1.0
5656 24.0
5657 1.0
5658 1.0
5659 3.0
5660 12.0
5661 1.0
5662 13.0
5663 12.0
5664 52.0
5665 12.0
5666 1.0
5667 1.0
5668 26.0
5669 1.0
5670 20.0
5671 26.0
5672 46.0
5673 1.0
5674 13.0
5675 44.0
5676 2.0
5677 1.0
5678 51.0
5679 13.0
5680 25.0
5681 52.0
5682 25.0
5683 3.0
5684 25.0
5685 1.0
5686 10.0
5687 1.0
5688 48.0
5689 24.0
5690 26.0
5691 12.0
5692 50.0
5693 2.0
5694 26.0
5695 52.0
5696 26.0
5697 26.0
5698 13.0
5699 2.0
5700 9.0
5701 26.0
5702 12.0
5703 13.0
5704 6.0
5705 1.0
5706 6.0
5707 4.0
5708 12.0
5709 26.0
5710 11.0
5711 1.0
5712 48.0
5713 1.0
5714 3.0
5715 13.0
5716 1.0
5717 12.0
5718 6.0
5719 12.0
5720 1.0
5721 2.0
5722 240.0
5723 13.0
5724 15.0
5725 12.0
5726 1.0
5727 3.0
5728 12.0
5729 1.0
5730 12.0
5731 1.0
5732 1.0
5733 13.0
5734 1.0
5735 1.0
5736 13.0
5737 25.0
5738 12.0
5739 13.0
5740 12.0
5741 52.0
5742 1.0
5743 1.0
5744 12.0
5745 1.0
5746 1.0
5747 27.0
5748 1.0
5749 1.0
5750 1.0
5751 26.0
5752 1.0
5753 1.0
5754 64.0
5755 36.0
5756 18.0
5757 2.0
5758 7.0
5759 1.0
5760 15.0
5761 24.0
5762 13.0
5763 12.0
5764 26.0
5765 49.0
5766 52.0
5767 38.0
5768 4.0
5769 2.0
5770 6.0
5771 26.0
5772 8.0
5773 12.0
5774 2.0
5775 1.0
5776 10.0
5777 100.0
5778 2.0
5779 1.0
5780 1.0
5781 13.0
5782 1.0
5783 13.0
5784 78.0
5785 1.0
5786 6.0
5787 12.0
5788 12.0
5789 50.0
5790 4.0
5791 1.0
5792 13.0
5793 1.0
5794 1.0
5795 42.0
5796 1.0
5797 52.0
5798 13.0
5799 1.0
5800 1.0
5801 1.0
5802 52.0
5803 1.0
5804 1.0
5805 3.0
5806 26.0
5807 12.0
5808 12.0
5809 1.0
5810 1.0
5811 12.0
5812 24.0
5813 25.0
5814 12.0
5815 10.0
5816 1.0
5817 1.0
5818 58.0
5819 4.0
5820 1.0
5821 1.0
5822 1.0
5823 68.0
5824 13.0
5825 26.0
5826 1.0
5827 2.0
5828 1.0
5829 12.0
5830 1.0
5831 2.0
5832 12.0
5833 6.0
5834 12.0
5835 1.0
5836 1.0
5837 13.0
5838 13.0
5839 26.0
5840 13.0
5841 1.0
5842 12.0
5843 12.0
5844 13.0
5845 1.0
5846 13.0
5847 1.0
5848 1.0
5849 1.0
5850 1.0
5851 12.0
5852 3.0
5853 1.0
5854 1.0
5855 10.0
5856 50.0
5857 12.0
5858 6.0
5859 12.0
5860 12.0
5861 25.0
5862 4.0
5863 1.0
5864 4.0
5865 3.0
5866 1.0
5867 1.0
5868 1.0
5869 12.0
5870 380.0
5871 1.0
5872 12.0
5873 1.0
5874 1.0
5875 1.0
5876 25.0
5877 1.0
5878 12.0
5879 13.0
5880 4.0
5881 6.0
5882 2.0
5883 1.0
5884 52.0
5885 12.0
5886 1.0
5887 12.0
5888 2.0
5889 4.0
5890 1.0
5891 26.0
5892 1.0
5893 1.0
5894 12.0
5895 3.0
5896 1.0
5897 4.0
5898 6.0
5899 20.0
5900 6.0
5901 2.0
5902 12.0
5903 24.0
5904 12.0
5905 13.0
5906 13.0
5907 12.0
5908 1.0
5909 12.0
5910 48.0
5911 13.0
5912 1.0
5913 3.0
5914 75.0
5915 1.0
5916 13.0
5917 1.0
5918 31.0
5919 2.0
5920 10.0
5921 2.0
5922 52.0
5923 2.0
5924 1.0
5925 12.0
5926 26.0
5927 1.0
5928 1.0
5929 2.0
5930 26.0
5931 26.0
5932 12.0
5933 1.0
5934 12.0
5935 4.0
5936 1.0
5937 30.0
5938 1.0
5939 22.0
5940 12.0
5941 12.0
5942 1.0
5943 26.0
5944 4.0
5945 12.0
5946 1.0
5947 1.0
5948 26.0
5949 11.0
5950 13.0
5951 12.0
5952 8.0
5953 26.0
5954 1.0
5955 1.0
5956 51.0
5957 1.0
5958 26.0
5959 13.0
5960 1.0
5961 12.0
5962 26.0
5963 2.0
5964 3.0
5965 1.0
5966 12.0
5967 8.0
5968 12.0
5969 12.0
5970 12.0
5971 130.0
5972 4.0
5973 1.0
5974 9.0
5975 14.0
5976 26.0
5977 52.0
5978 2.0
5979 1.0
5980 2.0
5981 16.0
5982 26.0
5983 1.0
5984 1.0
5985 12.0
5986 19.0
5987 24.0
5988 2.0
5989 52.0
5990 1.0
5991 6.0
5992 1.0
5993 50.0
5994 3.0
5995 2.0
5996 12.0
5997 1.0
5998 1.0
5999 1.0
6000 2.0
6001 1.0
6002 1.0
6003 50.0
6004 1.0
6005 13.0
6006 1.0
6007 52.0
6008 12.0
6009 1.0
6010 39.0
6011 1.0
6012 13.0
6013 1.0
6014 52.0
6015 12.0
6016 6.0
6017 1.0
6018 4.0
6019 4.0
6020 1.0
6021 2.0
6022 16.0
6023 47.0
6024 26.0
6025 12.0
6026 50.0
6027 1.0
6028 6.0
6029 12.0
6030 5.0
6031 12.0
6032 3.0
6033 13.0
6034 1.0
6035 26.0
6036 26.0
6037 30.0
6038 12.0
6039 1.0
6040 1.0
6041 1.0
6042 2.0
6043 1.0
6044 1.0
6045 12.0
6046 2.0
6047 1.0
6048 52.0
6049 1.0
6050 1.0
6051 12.0
6052 10.0
6053 4.0
6054 12.0
6055 1.0
6056 1.0
6057 1.0
6058 12.0
6059 1.0
6060 1.0
6061 1.0
6062 21.0
6063 1.0
6064 2.0
6065 12.0
6066 12.0
6067 24.0
6068 12.0
6069 1.0
6070 3.0
6071 12.0
6072 20.0
6073 1.0
6074 1.0
6075 1.0
6076 1.0
6077 12.0
6078 51.0
6079 3.0
6080 6.0
6081 26.0
6082 5.0
6083 26.0
6084 13.0
6085 12.0
6086 48.0
6087 1.0
6088 13.0
6089 12.0
6090 104.0
6091 20.0
6092 1.0
6093 104.0
6094 3.0
6095 26.0
6096 12.0
6097 13.0
6098 1.0
6099 26.0
6100 26.0
6101 1.0
6102 3.0
6103 1.0
6104 3.0
6105 3.0
6106 1.0
6107 1.0
6108 4.0
6109 7.0
6110 27.0
6111 1.0
6112 26.0
6113 1.0
6114 39.0
6115 52.0
6116 1.0
6117 1.0
6118 12.0
6119 24.0
6120 1.0
6121 1.0
6122 52.0
6123 24.0
6124 24.0
6125 1.0
6126 1.0
6127 13.0
6128 12.0
6129 46.0
6130 3.0
6131 52.0
6132 1.0
6133 1.0
6134 1.0
6135 3.0
6136 1.0
6137 104.0
6138 12.0
6139 52.0
6140 6.0
6141 1.0
6142 25.0
6143 12.0
6144 13.0
6145 1.0
6146 2.0
6147 52.0
6148 61.0
6149 13.0
6150 11.0
6151 97.0
6152 3.0
6153 12.0
6154 51.0
6155 1.0
6156 24.0
6157 1.0
6158 7.0
6159 13.0
6160 3.0
6161 12.0
6162 39.0
6163 26.0
6164 12.0
6165 22.0
6166 1.0
6167 52.0
6168 1.0
6169 26.0
6170 1.0
6171 51.0
6172 12.0
6173 1.0
6174 1.0
6175 1.0
6176 12.0
6177 1.0
6178 12.0
6179 3.0
6180 12.0
6181 1.0
6182 1.0
6183 2.0
6184 1.0
6185 1.0
6186 13.0
6187 26.0
6188 1.0
6189 1.0
6190 2.0
6191 3.0
6192 1.0
6193 2.0
6194 1.0
6195 12.0
6196 1.0
6197 7.0
6198 23.0
6199 13.0
6200 4.0
6201 12.0
6202 52.0
6203 1.0
6204 1.0
6205 39.0
6206 5.0
6207 1.0
6208 1.0
6209 5.0
6210 1.0
6211 25.0
6212 51.0
6213 3.0
6214 1.0
6215 12.0
6216 12.0
6217 2.0
6218 1.0
6219 12.0
6220 26.0
6221 13.0
6222 2.0
6223 1.0
6224 5.0
6225 52.0
6226 2.0
6227 1.0
6228 1.0
6229 26.0
6230 2.0
6231 1.0
6232 1.0
6233 1.0
6234 3.0
6235 24.0
6236 1.0
6237 2.0
6238 1.0
6239 1.0
6240 11.0
6241 13.0
6242 2.0
6243 1.0
6244 50.0
6245 1.0
6246 1.0
6247 2.0
6248 26.0
6249 1.0
6250 1.0
6251 10.0
6252 50.0
6253 4.0
6254 2.0
6255 1.0
6256 4.0
6257 1.0
6258 12.0
6259 1.0
6260 1.0
6261 32.0
6262 52.0
6263 2.0
6264 33.0
6265 12.0
6266 6.0
6267 1.0
6268 1.0
6269 1.0
6270 30.0
6271 5.0
6272 26.0
6273 1.0
6274 1.0
6275 1.0
6276 60.0
6277 4.0
6278 1.0
6279 4.0
6280 52.0
6281 1.0
6282 52.0
6283 22.0
6284 12.0
6285 1.0
6286 109.0
6287 1.0
6288 48.0
6289 12.0
6290 38.0
6291 130.0
6292 1.0
6293 1.0
6294 51.0
6295 12.0
6296 1.0
6297 1.0
6298 12.0
6299 52.0
6300 4.0
6301 12.0
6302 12.0
6303 1.0
6304 2.0
6305 12.0
6306 1.0
6307 26.0
6308 13.0
6309 30.0
6310 1.0
6311 12.0
6312 12.0
6313 89.0
6314 8.0
6315 1.0
6316 13.0
6317 1.0
6318 1.0
6319 1.0
6320 12.0
6321 13.0
6322 13.0
6323 26.0
6324 4.0
6325 38.0
6326 1.0
6327 52.0
6328 1.0
6329 1.0
6330 12.0
6331 12.0
6332 12.0
6333 1.0
6334 2.0
6335 12.0
6336 53.0
6337 20.0
6338 12.0
6339 1.0
6340 1.0
6341 1.0
6342 12.0
6343 25.0
6344 13.0
6345 10.0
6346 52.0
6347 1.0
6348 13.0
6349 10.0
6350 4.0
6351 1.0
6352 12.0
6353 33.0
6354 13.0
6355 3.0
6356 12.0
6357 12.0
6358 1.0
6359 12.0
6360 26.0
6361 24.0
6362 1.0
6363 12.0
6364 12.0
6365 1.0
6366 1.0
6367 1.0
6368 25.0
6369 1.0
6370 100.0
6371 1.0
6372 51.0
6373 3.0
6374 1.0
6375 13.0
6376 3.0
6377 1.0
6378 1.0
6379 26.0
6380 39.0
6381 1.0
6382 25.0
6383 12.0
6384 12.0
6385 1.0
6386 3.0
6387 6.0
6388 1.0
6389 100.0
6390 12.0
6391 1.0
6392 38.0
6393 20.0
6394 1.0
6395 8.0
6396 13.0
6397 1.0
6398 12.0
6399 2.0
6400 12.0
6401 4.0
6402 1.0
6403 1.0
6404 25.0
6405 23.0
6406 1.0
6407 4.0
6408 21.0
6409 1.0
6410 1.0
6411 1.0
6412 1.0
6413 4.0
6414 12.0
6415 1.0
6416 1.0
6417 12.0
6418 1.0
6419 12.0
6420 9.0
6421 1.0
6422 73.0
6423 12.0
6424 13.0
6425 1.0
6426 6.0
6427 1.0
6428 13.0
6429 2.0
6430 1.0
6431 10.0
6432 1.0
6433 1.0
6434 1.0
6435 1.0
6436 6.0
6437 12.0
6438 1.0
6439 12.0
6440 2.0
6441 1.0
6442 10.0
6443 39.0
6444 10.0
6445 1.0
6446 26.0
6447 1.0
6448 13.0
6449 60.0
6450 12.0
6451 12.0
6452 12.0
6453 12.0
6454 1.0
6455 5.0
6456 2.0
6457 2.0
6458 1.0
6459 4.0
6460 49.0
6461 2.0
6462 12.0
6463 2.0
6464 1.0
6465 12.0
6466 12.0
6467 13.0
6468 1.0
6469 1.0
6470 1.0
6471 12.0
6472 13.0
6473 78.0
6474 1.0
6475 51.0
6476 3.0
6477 1.0
6478 8.0
6479 1.0
6480 1.0
6481 51.0
6482 10.0
6483 3.0
6484 1.0
6485 1.0
6486 12.0
6487 1.0
6488 2.0
6489 1.0
6490 12.0
6491 48.0
6492 12.0
6493 26.0
6494 23.0
6495 1.0
6496 1.0
6497 52.0
6498 13.0
6499 12.0
6500 3.0
6501 1.0
6502 12.0
6503 24.0
6504 1.0
6505 24.0
6506 14.0
6507 1.0
6508 1.0
6509 12.0
6510 2.0
6511 39.0
6512 1.0
6513 2.0
6514 6.0
6515 12.0
6516 40.0
6517 20.0
6518 25.0
6519 12.0
6520 12.0
6521 2.0
6522 2.0
6523 50.0
6524 1.0
6525 3.0
6526 4.0
6527 13.0
6528 3.0
6529 1.0
6530 27.0
6531 13.0
6532 104.0
6533 2.0
6534 3.0
6535 1.0
6536 2.0
6537 1.0
6538 1.0
6539 26.0
6540 25.0
6541 2.0
6542 1.0
6543 26.0
6544 2.0
6545 1.0
6546 52.0
6547 1.0
6548 12.0
6549 16.0
6550 2.0
6551 13.0
6552 12.0
6553 12.0
6554 1.0
6555 91.0
6556 1.0
6557 12.0
6558 51.0
6559 11.0
6560 12.0
6561 2.0
6562 12.0
6563 1.0
6564 25.0
6565 1.0
6566 28.0
6567 1.0
6568 78.0
6569 12.0
6570 1.0
6571 51.0
6572 1.0
6573 13.0
6574 8.0
6575 12.0
6576 296.0
6577 1.0
6578 52.0
6579 12.0
6580 1.0
6581 1.0
6582 13.0
6583 1.0
6584 38.0
6585 51.0
6586 3.0
6587 1.0
6588 51.0
6589 12.0
6590 21.0
6591 2.0
6592 1.0
6593 2.0
6594 1.0
6595 1.0
6596 4.0
6597 12.0
6598 51.0
6599 1.0
6600 1.0
6601 48.0
6602 4.0
6603 3.0
6604 16.0
6605 16.0
6606 1.0
6607 12.0
6608 26.0
6609 1.0
6610 1.0
6611 3.0
6612 14.0
6613 12.0
6614 15.0
6615 12.0
6616 1.0
6617 2.0
6618 26.0
6619 13.0
6620 1.0
6621 13.0
6622 1.0
6623 24.0
6624 13.0
6625 12.0
6626 13.0
6627 1.0
6628 26.0
6629 25.0
6630 3.0
6631 12.0
6632 12.0
6633 25.0
6634 1.0
6635 1.0
6636 26.0
6637 12.0
6638 1.0
6639 1.0
6640 13.0
6641 13.0
6642 2.0
6643 26.0
6644 3.0
6645 13.0
6646 29.0
6647 13.0
6648 10.0
6649 1.0
6650 3.0
6651 4.0
6652 1.0
6653 12.0
6654 12.0
6655 1.0
6656 1.0
6657 130.0
6658 13.0
6659 1.0
6660 6.0
6661 2.0
6662 13.0
6663 8.0
6664 2.0
6665 1.0
6666 12.0
6667 1.0
6668 26.0
6669 10.0
6670 1.0
6671 13.0
6672 12.0
6673 24.0
6674 12.0
6675 6.0
6676 12.0
6677 24.0
6678 3.0
6679 13.0
6680 2.0
6681 2.0
6682 6.0
6683 13.0
6684 10.0
6685 1.0
6686 1.0
6687 1.0
6688 13.0
6689 1.0
6690 1.0
6691 1.0
6692 1.0
6693 12.0
6694 4.0
6695 1.0
6696 13.0
6697 1.0
6698 32.0
6699 2.0
6700 1.0
6701 12.0
6702 1.0
6703 13.0
6704 1.0
6705 1.0
6706 13.0
6707 25.0
6708 12.0
6709 5.0
6710 3.0
6711 1.0
6712 12.0
6713 13.0
6714 12.0
6715 2.0
6716 13.0
6717 12.0
6718 1.0
6719 6.0
6720 1.0
6721 12.0
6722 1.0
6723 3.0
6724 1.0
6725 1.0
6726 1.0
6727 24.0
6728 1.0
6729 2.0
6730 4.0
6731 12.0
6732 5.0
6733 1.0
6734 1.0
6735 78.0
6736 4.0
6737 12.0
6738 12.0
6739 1.0
6740 4.0
6741 4.0
6742 12.0
6743 52.0
6744 1.0
6745 1.0
6746 13.0
6747 12.0
6748 12.0
6749 12.0
6750 12.0
6751 10.0
6752 12.0
6753 12.0
6754 1.0
6755 12.0
6756 3.0
6757 1.0
6758 39.0
6759 75.0
6760 1.0
6761 12.0
6762 1.0
6763 1.0
6764 4.0
6765 1.0
6766 51.0
6767 2.0
6768 1.0
6769 12.0
6770 50.0
6771 4.0
6772 25.0
6773 12.0
6774 2.0
6775 26.0
6776 1.0
6777 1.0
6778 12.0
6779 13.0
6780 12.0
6781 1.0
6782 13.0
6783 1.0
6784 20.0
6785 2.0
6786 11.0
6787 26.0
6788 1.0
6789 13.0
6790 26.0
6791 13.0
6792 1.0
6793 2.0
6794 12.0
6795 13.0
6796 10.0
6797 1.0
6798 26.0
6799 1.0
6800 12.0
6801 1.0
6802 3.0
6803 45.0
6804 10.0
6805 13.0
6806 4.0
6807 1.0
6808 12.0
6809 1.0
6810 1.0
6811 6.0
6812 20.0
6813 1.0
6814 114.0
6815 4.0
6816 12.0
6817 52.0
6818 1.0
6819 13.0
6820 4.0
6821 2.0
6822 10.0
6823 13.0
6824 12.0
6825 1.0
6826 40.0
6827 13.0
6828 13.0
6829 6.0
6830 26.0
6831 2.0
6832 13.0
6833 12.0
6834 2.0
6835 12.0
6836 2.0
6837 1.0
6838 1.0
6839 1.0
6840 1.0
6841 12.0
6842 1.0
6843 12.0
6844 12.0
6845 1.0
6846 1.0
6847 13.0
6848 1.0
6849 1.0
6850 1.0
6851 1.0
6852 70.0
6853 2.0
6854 40.0
6855 39.0
6856 2.0
6857 4.0
6858 12.0
6859 51.0
6860 76.0
6861 2.0
6862 51.0
6863 22.0
6864 1.0
6865 1.0
6866 4.0
6867 12.0
6868 4.0
6869 4.0
6870 13.0
6871 11.0
6872 12.0
6873 13.0
6874 1.0
6875 1.0
6876 12.0
6877 2.0
6878 12.0
6879 1.0
6880 13.0
6881 1.0
6882 51.0
6883 16.0
6884 12.0
6885 1.0
6886 26.0
6887 7.0
6888 2.0
6889 2.0
6890 1.0
6891 26.0
6892 2.0
6893 1.0
6894 1.0
6895 1.0
6896 1.0
6897 13.0
6898 13.0
6899 5.0
6900 10.0
6901 1.0
6902 12.0
6903 4.0
6904 95.0
6905 1.0
6906 1.0
6907 7.0
6908 1.0
6909 23.0
6910 1.0
6911 52.0
6912 1.0
6913 1.0
6914 7.0
6915 4.0
6916 1.0
6917 12.0
6918 1.0
6919 2.0
6920 12.0
6921 1.0
6922 1.0
6923 4.0
6924 6.0
6925 4.0
6926 10.0
6927 12.0
6928 1.0
6929 1.0
6930 1.0
6931 4.0
6932 1.0
6933 12.0
6934 2.0
6935 3.0
6936 1.0
6937 1.0
6938 1.0
6939 13.0
6940 13.0
6941 3.0
6942 10.0
6943 1.0
6944 1.0
6945 8.0
6946 1.0
6947 1.0
6948 1.0
6949 39.0
6950 12.0
6951 16.0
6952 1.0
6953 1.0
6954 1.0
6955 3.0
6956 12.0
6957 1.0
6958 5.0
6959 13.0
6960 1.0
6961 12.0
6962 13.0
6963 6.0
6964 1.0
6965 1.0
6966 4.0
6967 1.0
6968 13.0
6969 3.0
6970 12.0
6971 25.0
6972 1.0
6973 1.0
6974 1.0
6975 47.0
6976 6.0
6977 1.0
6978 1.0
6979 1.0
6980 29.0
6981 1.0
6982 1.0
6983 1.0
6984 2.0
6985 5.0
6986 26.0
6987 4.0
6988 12.0
6989 3.0
6990 1.0
6991 4.0
6992 11.0
6993 1.0
6994 12.0
6995 1.0
6996 1.0
6997 1.0
6998 1.0
6999 1.0
7000 1.0
7001 4.0
7002 20.0
7003 12.0
7004 12.0
7005 1.0
7006 1.0
7007 23.0
7008 6.0
7009 10.0
7010 38.0
7011 6.0
7012 2.0
7013 14.0
7014 3.0
7015 2.0
7016 12.0
7017 9.0
7018 12.0
7019 10.0
7020 13.0
7021 30.0
7022 3.0
7023 10.0
7024 26.0
7025 6.0
7026 12.0
7027 13.0
7028 26.0
7029 12.0
7030 12.0
7031 52.0
7032 6.0
7033 13.0
7034 4.0
7035 4.0
7036 41.0
7037 1.0
7038 13.0
7039 2.0
7040 12.0
7041 13.0
7042 26.0
7043 2.0
7044 1.0
7045 1.0
7046 7.0
7047 2.0
7048 11.0
7049 13.0
7050 2.0
7051 39.0
7052 20.0
7053 12.0
7054 5.0
7055 12.0
7056 12.0
7057 1.0
7058 7.0
7059 1.0
7060 13.0
7061 3.0
7062 12.0
7063 3.0
7064 1.0
7065 12.0
7066 1.0
7067 1.0
7068 13.0
7069 26.0
7070 1.0
7071 12.0
7072 1.0
7073 1.0
7074 1.0
7075 1.0
7076 12.0
7077 51.0
7078 1.0
7079 13.0
7080 2.0
7081 2.0
7082 2.0
7083 12.0
7084 12.0
7085 1.0
7086 11.0
7087 1.0
7088 10.0
7089 1.0
7090 1.0
7091 1.0
7092 1.0
7093 1.0
7094 1.0
7095 4.0
7096 1.0
7097 52.0
7098 52.0
7099 16.0
7100 16.0
7101 39.0
7102 2.0
7103 13.0
7104 3.0
7105 12.0
7106 12.0
7107 9.0
7108 1.0
7109 12.0
7110 1.0
7111 6.0
7112 1.0
7113 5.0
7114 12.0
7115 52.0
7116 24.0
7117 3.0
7118 51.0
7119 1.0
7120 2.0
7121 1.0
7122 1.0
7123 1.0
7124 52.0
7125 12.0
7126 1.0
7127 1.0
7128 37.0
7129 26.0
7130 1.0
7131 1.0
7132 2.0
7133 18.0
7134 13.0
7135 2.0
7136 2.0
7137 2.0
7138 1.0
7139 12.0
7140 4.0
7141 12.0
7142 12.0
7143 50.0
7144 1.0
7145 1.0
7146 12.0
7147 13.0
7148 10.0
7149 1.0
7150 51.0
7151 1.0
7152 6.0
7153 11.0
7154 2.0
7155 12.0
7156 3.0
7157 6.0
7158 12.0
7159 12.0
7160 1.0
7161 2.0
7162 12.0
7163 12.0
7164 12.0
7165 1.0
7166 1.0
7167 12.0
7168 1.0
7169 12.0
7170 4.0
7171 2.0
7172 5.0
7173 12.0
7174 1.0
7175 12.0
7176 13.0
7177 12.0
7178 12.0
7179 2.0
7180 1.0
7181 24.0
7182 1.0
7183 1.0
7184 7.0
7185 2.0
7186 39.0
7187 1.0
7188 1.0
7189 1.0
7190 12.0
7191 1.0
7192 1.0
7193 10.0
7194 2.0
7195 2.0
7196 1.0
7197 12.0
7198 13.0
7199 1.0
7200 1.0
7201 6.0
7202 1.0
7203 3.0
7204 15.0
7205 1.0
7206 10.0
7207 1.0
7208 2.0
7209 2.0
7210 40.0
7211 12.0
7212 3.0
7213 50.0
7214 1.0
7215 12.0
7216 2.0
7217 13.0
7218 21.0
7219 2.0
7220 1.0
7221 1.0
7222 26.0
7223 1.0
7224 12.0
7225 1.0
7226 10.0
7227 1.0
7228 13.0
7229 1.0
7230 1.0
7231 11.0
7232 36.0
7233 1.0
7234 52.0
7235 1.0
7236 1.0
7237 1.0
7238 1.0
7239 51.0
7240 13.0
7241 13.0
7242 12.0
7243 1.0
7244 4.0
7245 8.0
7246 1.0
7247 1.0
7248 2.0
7249 12.0
7250 1.0
7251 1.0
7252 4.0
7253 26.0
7254 12.0
7255 1.0
7256 1.0
7257 12.0
7258 1.0
7259 24.0
7260 2.0
7261 1.0
7262 2.0
7263 13.0
7264 1.0
7265 1.0
7266 1.0
7267 13.0
7268 24.0
7269 4.0
7270 2.0
7271 6.0
7272 1.0
7273 26.0
7274 1.0
7275 1.0
7276 13.0
7277 48.0
7278 12.0
7279 1.0
7280 1.0
7281 9.0
7282 3.0
7283 1.0
7284 12.0
7285 40.0
7286 5.0
7287 1.0
7288 12.0
7289 1.0
7290 5.0
7291 10.0
7292 1.0
7293 13.0
7294 1.0
7295 1.0
7296 26.0
7297 1.0
7298 1.0
7299 1.0
7300 6.0
7301 2.0
7302 1.0
7303 12.0
7304 25.0
7305 24.0
7306 26.0
7307 1.0
7308 2.0
7309 12.0
7310 3.0
7311 1.0
7312 1.0
7313 5.0
7314 26.0
7315 1.0
7316 12.0
7317 12.0
7318 2.0
7319 1.0
7320 3.0
7321 2.0
7322 2.0
7323 2.0
7324 12.0
7325 1.0
7326 1.0
7327 1.0
7328 1.0
7329 1.0
7330 1.0
7331 2.0
7332 13.0
7333 24.0
7334 3.0
7335 1.0
7336 2.0
7337 9.0
7338 1.0
7339 3.0
7340 2.0
7341 12.0
7342 12.0
7343 14.0
7344 1.0
7345 13.0
7346 1.0
7347 1.0
7348 10.0
7349 1.0
7350 1.0
7351 1.0
7352 6.0
7353 3.0
7354 3.0
7355 12.0
7356 1.0
7357 1.0
7358 9.0
7359 12.0
7360 1.0
7361 1.0
7362 2.0
7363 1.0
7364 1.0
7365 52.0
7366 3.0
7367 2.0
7368 1.0
7369 12.0
7370 1.0
7371 1.0
7372 2.0
7373 1.0
7374 25.0
7375 12.0
7376 13.0
7377 1.0
7378 1.0
7379 13.0
7380 1.0
7381 1.0
7382 1.0
7383 1.0
7384 1.0
7385 26.0
7386 3.0
7387 26.0
7388 3.0
7389 1.0
7390 12.0
7391 12.0
7392 1.0
7393 1.0
7394 1.0
7395 2.0
7396 13.0
7397 23.0
7398 12.0
7399 100.0
7400 6.0
7401 12.0
7402 1.0
7403 1.0
7404 13.0
7405 1.0
7406 12.0
7407 1.0
7408 24.0
7409 6.0
7410 1.0
7411 12.0
7412 2.0
7413 12.0
7414 49.0
7415 1.0
7416 12.0
7417 1.0
7418 1.0
7419 4.0
7420 1.0
7421 38.0
7422 12.0
7423 12.0
7424 1.0
7425 1.0
7426 1.0
7427 12.0
7428 1.0
7429 1.0
7430 1.0
7431 12.0
7432 1.0
7433 12.0
7434 12.0
7435 3.0
7436 2.0
7437 12.0
7438 12.0
7439 1.0
7440 2.0
7441 12.0
7442 12.0
7443 12.0
7444 16.0
7445 12.0
7446 10.0
7447 12.0
7448 1.0
7449 13.0
7450 51.0
7451 1.0
7452 8.0
7453 1.0
7454 1.0
7455 6.0
7456 12.0
7457 1.0
7458 5.0
7459 5.0
7460 1.0
7461 10.0
7462 1.0
7463 1.0
7464 7.0
7465 12.0
7466 13.0
7467 13.0
7468 26.0
7469 1.0
7470 2.0
7471 12.0
7472 1.0
7473 24.0
7474 13.0
7475 24.0
7476 12.0
7477 9.0
7478 1.0
7479 1.0
7480 2.0
7481 1.0
7482 12.0
7483 2.0
7484 1.0
7485 12.0
7486 12.0
7487 1.0
7488 1.0
7489 1.0
7490 3.0
7491 6.0
7492 2.0
7493 1.0
7494 1.0
7495 1.0
7496 3.0
7497 1.0
7498 1.0
7499 2.0
7500 1.0
7501 1.0
7502 37.0
7503 1.0
7504 2.0
7505 12.0
7506 12.0
7507 2.0
7508 24.0
7509 1.0
7510 1.0
7511 1.0
7512 1.0
7513 12.0
7514 18.0
7515 4.0
7516 2.0
7517 32.0
7518 1.0
7519 1.0
7520 1.0
7521 10.0
7522 12.0
7523 1.0
7524 12.0
7525 1.0
7526 1.0
7527 12.0
7528 1.0
7529 13.0
7530 1.0
7531 12.0
7532 12.0
7533 1.0
7534 15.0
7535 1.0
7536 6.0
7537 12.0
7538 5.0
7539 1.0
7540 13.0
7541 12.0
7542 26.0
7543 1.0
7544 1.0
7545 2.0
7546 1.0
7547 1.0
7548 17.0
7549 12.0
7550 1.0
7551 12.0
7552 1.0
7553 1.0
7554 4.0
7555 13.0
7556 1.0
7557 12.0
7558 12.0
7559 3.0
7560 1.0
7561 1.0
7562 1.0
7563 12.0
7564 51.0
7565 1.0
7566 1.0
7567 1.0
7568 1.0
7569 1.0
7570 13.0
7571 6.0
7572 4.0
7573 1.0
7574 7.0
7575 3.0
7576 2.0
7577 13.0
7578 13.0
7579 1.0
7580 2.0
7581 1.0
7582 12.0
7583 4.0
7584 2.0
7585 1.0
7586 12.0
7587 12.0
7588 13.0
7589 12.0
7590 1.0
7591 1.0
7592 51.0
7593 26.0
7594 12.0
7595 1.0
7596 1.0
7597 1.0
7598 10.0
7599 11.0
7600 1.0
7601 13.0
7602 4.0
7603 12.0
7604 12.0
7605 52.0
7606 51.0
7607 3.0
7608 12.0
7609 12.0
7610 12.0
7611 12.0
7612 2.0
7613 2.0
7614 1.0
7615 1.0
7616 12.0
7617 26.0
7618 1.0
7619 1.0
7620 10.0
7621 2.0
7622 1.0
7623 12.0
7624 365.0
7625 12.0
7626 12.0
7627 12.0
7628 12.0
7629 1.0
7630 12.0
7631 1.0
7632 3.0
7633 13.0
7634 1.0
7635 1.0
7636 3.0
7637 13.0
7638 13.0
7639 2.0
7640 1.0
7641 7.0
7642 3.0
7643 12.0
7644 3.0
7645 1.0
7646 12.0
7647 12.0
7648 1.0
7649 1.0
7650 1.0
7651 12.0
7652 11.0
7653 1.0
7654 12.0
7655 1.0
7656 1.0
7657 1.0
7658 1.0
7659 12.0
7660 6.0
7661 1.0
7662 12.0
7663 12.0
7664 12.0
7665 1.0
7666 23.0
7667 1.0
7668 3.0
7669 11.0
7670 12.0
7671 12.0
7672 6.0
7673 1.0
7674 1.0
7675 1.0
7676 2.0
7677 3.0
7678 1.0
7679 1.0
7680 1.0
7681 1.0
7682 1.0
7683 1.0
7684 1.0
7685 10.0
7686 2.0
7687 15.0
7688 12.0
7689 10.0
7690 3.0
7691 12.0
7692 6.0
7693 1.0
7694 1.0
7695 12.0
7696 1.0
7697 1.0
7698 1.0
7699 1.0
7700 1.0
7701 1.0
7702 2.0
7703 1.0
7704 1.0
7705 12.0
7706 12.0
7707 10.0
7708 12.0
7709 26.0
7710 23.0
7711 2.0
7712 12.0
7713 1.0
7714 12.0
7715 7.0
7716 1.0
7717 1.0
7718 3.0
7719 1.0
7720 1.0
7721 5.0
7722 65.0
7723 1.0
7724 12.0
7725 12.0
7726 1.0
7727 5.0
7728 3.0
7729 25.0
7730 1.0
7731 6.0
7732 26.0
7733 6.0
7734 1.0
7735 12.0
7736 1.0
7737 1.0
7738 5.0
7739 25.0
7740 1.0
7741 12.0
7742 1.0
7743 1.0
7744 1.0
7745 3.0
7746 1.0
7747 13.0
7748 1.0
7749 12.0
7750 5.0
7751 12.0
7752 1.0
7753 12.0
7754 12.0
7755 2.0
7756 1.0
7757 1.0
7758 12.0
7759 20.0
7760 12.0
7761 12.0
7762 1.0
7763 1.0
7764 12.0
7765 12.0
7766 1.0
7767 12.0
7768 1.0
7769 12.0
7770 1.0
7771 2.0
7772 12.0
7773 12.0
7774 1.0
7775 2.0
7776 12.0
7777 1.0
7778 2.0
7779 1.0
7780 1.0
7781 12.0
7782 1.0
7783 1.0
7784 26.0
7785 12.0
7786 12.0
7787 12.0
7788 2.0
7789 13.0
7790 12.0
7791 1.0
7792 2.0
7793 5.0
7794 12.0
7795 3.0
7796 1.0
7797 1.0
7798 12.0
7799 2.0
7800 1.0
7801 13.0
7802 10.0
7803 12.0
7804 1.0
7805 1.0
7806 1.0
7807 13.0
7808 12.0
7809 12.0
7810 12.0
7811 12.0
7812 12.0
7813 1.0
7814 1.0
7815 1.0
7816 12.0
7817 1.0
7818 13.0
7819 13.0
7820 1.0
7821 1.0
7822 13.0
7823 12.0
7824 1.0
7825 12.0
7826 13.0
7827 6.0
7828 1.0
7829 4.0
7830 1.0
7831 12.0
7832 1.0
7833 12.0
7834 12.0
7835 1.0
7836 1.0
7837 12.0
7838 1.0
7839 11.0
7840 1.0
7841 1.0
7842 1.0
7843 24.0
7844 1.0
7845 1.0
7846 1.0
7847 2.0
7848 1.0
7849 1.0
7850 1.0
7851 1.0
7852 1.0
7853 12.0
7854 1.0
7855 12.0
7856 1.0
7857 1.0
7858 1.0
7859 1.0
7860 1.0
7861 1.0
7862 1.0
7863 1.0
7864 13.0
7865 12.0
7866 12.0
7867 1.0
7868 1.0
7869 13.0
7870 1.0
7871 1.0
7872 4
7873 1.0
7874 12.0
7875 12.0
7876 26.0
7877 1.0
7878 1.0
7879 13.0
7880 12.0
7881 1.0
7882 1.0
7883 1.0
7884 1.0
7885 2.0
7886 1.0
7887 1.0
7888 1.0
7889 13.0
7890 3.0
7891 1.0
7892 12.0
7893 1.0
7894 1.0
7895 12.0
7896 1.0
7897 1.0
7898 5.0
7899 1.0
7900 1.0
7901 2.0
7902 1.0
7903 12.0
7904 1.0
7905 1.0
7906 12.0
7907 2.0
7908 1.0
7909 13.0
7910 10.0
7911 12.0
7912 1.0
7913 1.0
7914 1.0
7915 12.0
7916 1.0
7917 1.0
7918 13.0
7919 2.0
7920 10.0
7921 1.0
7922 30.0
7923 1.0
7924 1.0
7925 1.0
7926 12.0
7927 79.0
7928 103.0
7929 16.0
7930 13.0
7931 13.0
7932 26.0
7933 60.0
7934 26.0
7935 26.0
7936 52.0
7937 1.0
7938 1.0
7939 52.0
7940 13.0
7941 12.0
7942 12.0
7943 104.0
7944 20.0
7945 26.0
7946 50.0
7947 26.0
7948 26.0
7949 7.0
7950 26.0
7951 1.0
7952 1.0
7953 1.0
7954 1.0
7955 26.0
7956 12.0
7957 60.0
7958 7.0
7959 40.0
7960 26.0
7961 16.0
7962 52.0
7963 365.0
7964 60.0
7965 30.0
7966 6.0
7967 20.0
7968 32.0
7969 26.0
7970 12.0
7971 1.0
7972 38.0
7973 36.0
7974 1.0
7975 1.0
7976 10.0
7977 26.0
7978 11.0
7979 16.0
7980 20.0
7981 68.0
7982 52.0
7983 1.0
7984 3.0
7985 1.0
7986 13.0
7987 4.0
7988 60.0
7989 130.0
7990 1.0
7991 1.0
7992 12.0
7993 13.0
7994 1.0
7995 1.0
7996 50.0
7997 4.0
7998 1.0
7999 4.0
8000 1.0
8001 24.0
8002 4.0
8003 52.0
8004 52.0
8005 10.0
8006 26.0
8007 26.0
8008 10.0
8009 9.0
8010 1.0
8011 1.0
8012 26.0
8013 14.0
8014 7.0
8015 20.0
8016 26.0
8017 13.0
8018 60.0
8019 26.0
8020 1.0
8021 26.0
8022 13.0
8023 10.0
8024 13.0
8025 93.0
8026 50.0
8027 1.0
8028 26.0
8029 3.0
8030 15.0
8031 1.0
8032 1.0
8033 1.0
8034 52.0
8035 40.0
8036 16.0
8037 1.0
8038 5.0
8039 13.0
8040 1.0
8041 1.0
8042 12.0
8043 26.0
8044 52.0
8045 1.0
8046 26.0
8047 52.0
8048 26.0
8049 32.0
8050 40.0
8051 57.0
8052 56.0
8053 50.0
8054 51.0
8055 27.0
8056 13.0
8057 26.0
8058 20.0
8059 11.0
8060 18.0
8061 64.0
8062 18.0
8063 26.0
8064 1.0
8065 52.0
8066 24.0
8067 1.0
8068 84.0
8069 52.0
8070 1.0
8071 2.0
8072 12.0
8073 26.0
8074 40.0
8075 3.0
8076 1.0
8077 1.0
8078 4.0
8079 26.0
8080 50.0
8081 140.0
8082 26.0
8083 20.0
8084 26.0
8085 25.0
8086 34.0
8087 59.0
8088 15.0
8089 1.0
8090 26.0
8091 26.0
8092 26.0
8093 26.0
8094 52.0
8095 26.0
8096 26.0
8097 1.0
8098 26.0
8099 20.0
8100 26.0
8101 26.0
8102 26.0
8103 104.0
8104 52.0
8105 180.0
8106 1.0
8107 52.0
8108 26.0
8109 52.0
8110 26.0
8111 52.0
8112 1.0
8113 10.0
8114 1.0
8115 4.0
8116 1.0
8117 60.0
8118 100.0
8119 13.0
8120 200.0
8121 12.0
8122 6.0
8123 13.0
8124 26.0
8125 1.0
8126 52.0
8127 26.0
8128 52.0
8129 21.0
8130 1.0
8131 11.0
8132 20.0
8133 12.0
8134 25.0
8135 1.0
8136 26.0
8137 26.0
8138 10.0
8139 52.0
8140 12.0
8141 10.0
8142 9.0
8143 1.0
8144 2.0
8145 40.0
8146 10.0
8147 1.0
8148 65.0
8149 300.0
8150 26.0
8151 12.0
8152 11.0
8153 1.0
8154 26.0
8155 1.0
8156 27.0
8157 52.0
8158 26.0
8159 52.0
8160 1.0
8161 34.0
8162 12.0
8163 20.0
8164 1.0
8165 12.0
8166 1.0
8167 13.0
8168 1.0
8169 40.0
8170 52.0
8171 26.0
8172 16.0
8173 24.0
8174 78.0
8175 1.0
8176 52.0
8177 38.0
8178 1.0
8179 53.0
8180 1.0
8181 1.0
8182 1.0
8183 1.0
8184 3.0
8185 26.0
8186 52.0
8187 1.0
8188 1.0
8189 11.0
8190 52.0
8191 6.0
8192 52.0
8193 12.0
8194 1.0
8195 2.0
8196 1.0
8197 1.0
8198 60.0
8199 12.0
8200 52.0
8201 1.0
8202 11.0
8203 1.0
8204 2.0
8205 6.0
8206 3.0
8207 26.0
8208 26.0
8209 26.0
8210 130.0
8211 1.0
8212 1.0
8213 13.0
8214 1.0
8215 11.0
8216 11.0
8217 13.0
8218 6.0
8219 11.0
8220 36.0
8221 1.0
8222 60.0
8223 1.0
8224 20.0
8225 12.0
8226 1.0
8227 43.0
8228 5.0
8229 1.0
8230 7.0
8231 1.0
8232 55.0
8233 52.0
8234 60.0
8235 60.0
8236 24.0
8237 26.0
8238 26.0
8239 26.0
8240 1.0
8241 52.0
8242 32.0
8243 13.0
8244 58.0
8245 30.0
8246 30.0
8247 2.0
8248 26.0
8249 60.0
8250 6.0
8251 39.0
8252 2.0
8253 1.0
8254 13.0
8255 20.0
8256 1.0
8257 10.0
8258 30.0
8259 30.0
8260 200.0
8261 13.0
8262 33.0
8263 13.0
8264 39.0
8265 9.0
8266 12.0
8267 10.0
8268 26.0
8269 26.0
8270 10.0
8271 10.0
8272 1.0
8273 1.0
8274 1.0
8275 16.0
8276 4.0
8277 1.0
8278 1.0
8279 1.0
8280 13.0
8281 2.0
8282 1.0
8283 1.0
8284 1.0
8285 10.0
8286 104.0
8287 13.0
8288 24.0
8289 18.0
8290 12.0
8291 13.0
8292 1.0
8293 13.0
8294 1.0
8295 1.0
8296 1.0
8297 1.0
8298 1.0
8299 11.0
8300 52.0
8301 53.0
8302 101.0
8303 6.0
8304 21.0
8305 26.0
8306 26.0
8307 1.0
8308 100.0
8309 32.0
8310 52.0
8311 34.0
8312 1.0
8313 1.0
8314 26.0
8315 53.0
8316 26.0
8317 52.0
8318 52.0
8319 1.0
8320 12.0
8321 1.0
8322 3.0
8323 1.0
8324 26.0
8325 3.0
8326 29.0
8327 26.0
8328 2.0
8329 1.0
8330 1.0
8331 2.0
8332 1.0
8333 1.0
8334 52.0
8335 1.0
8336 1.0
8337 26.0
8338 1.0
8339 52.0
8340 1.0
8341 52.0
8342 302.0
8343 12.0
8344 30.0
8345 20.0
8346 39.0
8347 2.0
8348 2.0
8349 26.0
8350 54.0
8351 1.0
8352 26.0
8353 96.0
8354 13.0
8355 52.0
8356 1.0
8357 1.0
8358 2.0
8359 13.0
8360 52.0
8361 13.0
8362 4.0
8363 12.0
8364 30.0
8365 40.0
8366 1.0
8367 1.0
8368 1.0
8369 1.0
8370 1.0
8371 1.0
8372 60.0
8373 10.0
8374 12.0
8375 52.0
8376 26.0
8377 52.0
8378 20.0
8379 18.0
8380 1.0
8381 23.0
8382 52.0
8383 12.0
8384 22.0
8385 1.0
8386 1.0
8387 1.0
8388 2.0
8389 300.0
8390 60.0
8391 60.0
8392 78.0
8393 26.0
8394 26.0
8395 26.0
8396 13.0
8397 52.0
8398 65.0
8399 13.0
8400 26.0
8401 26.0
8402 1.0
8403 2.0
8404 4.0
8405 29.0
8406 1.0
8407 100.0
8408 1.0
8409 26.0
8410 12.0
8411 2.0
8412 3.0
8413 1.0
8414 1.0
8415 4.0
8416 1.0
8417 1.0
8418 1.0
8419 40.0
8420 10.0
8421 431.0
8422 52.0
8423 1.0
8424 16.0
8425 26.0
8426 10.0
8427 1.0
8428 208.0
8429 1.0
8430 2.0
8431 40.0
8432 1.0
8433 1.0
8434 1.0
8435 2.0
8436 16.0
8437 48.0
8438 10.0
8439 1.0
8440 26.0
8441 30.0
8442 30.0
8443 16.0
8444 13.0
8445 26.0
8446 1.0
8447 13.0
8448 2.0
8449 52.0
8450 3.0
8451 1.0
8452 1.0
8453 1.0
8454 18.0
8455 2.0
8456 26.0
8457 1.0
8458 26.0
8459 26.0
8460 12.0
8461 1.0
8462 1.0
8463 12.0
8464 2.0
8465 1.0
8466 1.0
8467 1.0
8468 31.0
8469 10.0
8470 26.0
8471 52.0
8472 52.0
8473 1.0
8474 3.0
8475 6.0
8476 180.0
8477 1.0
8478 26.0
8479 1.0
8480 15.0
8481 20.0
8482 1.0
8483 26.0
8484 1.0
8485 1.0
8486 24.0
8487 27.0
8488 1.0
8489 1.0
8490 1.0
8491 1.0
8492 26.0
8493 154.0
8494 7.0
8495 1.0
8496 40.0
8497 16.0
8498 13.0
8499 1.0
8500 35.0
8501 40.0
8502 70.0
8503 13.0
8504 20.0
8505 1.0
8506 1.0
8507 60.0
8508 50.0
8509 26.0
8510 26.0
8511 12.0
8512 13.0
8513 30.0
8514 50.0
8515 13.0
8516 52.0
8517 52.0
8518 26.0
8519 10.0
8520 1.0
8521 1.0
8522 1.0
8523 7.0
8524 1.0
8525 2.0
8526 12.0
8527 13.0
8528 1.0
8529 52.0
8530 52.0
8531 1.0
8532 77.0
8533 50.0
8534 170.0
8535 36.0
8536 1.0
8537 225.0
8538 1.0
8539 10.0
8540 10.0
8541 26.0
8542 1.0
8543 132.0
8544 1.0
8545 52.0
8546 26.0
8547 156.0
8548 15.0
8549 20.0
8550 60.0
8551 60.0
8552 60.0
8553 26.0
8554 26.0
8555 52.0
8556 52.0
8557 10.0
8558 26.0
8559 52.0
8560 5.0
8561 1.0
8562 26.0
8563 26.0
8564 1.0
8565 1.0
8566 1.0
8567 52.0
8568 13.0
8569 1.0
8570 13.0
8571 1.0
8572 1.0
8573 13.0
8574 26.0
8575 52.0
8576 26.0
8577 4.0
8578 8.0
8579 16.0
8580 14.0
8581 26.0
8582 1.0
8583 1.0
8584 11.0
8585 1.0
8586 1.0
8587 52.0
8588 13.0
8589 52.0
8590 36.0
8591 15.0
8592 60.0
8593 4.0
8594 36.0
8595 1.0
8596 16.0
8597 18.0
8598 26.0
8599 1.0
8600 1.0
8601 88.0
8602 52.0
8603 40.0
8604 2.0
8605 26.0
8606 24.0
8607 26.0
8608 26.0
8609 13.0
8610 1.0
8611 1.0
8612 1.0
8613 64.0
8614 97.0
8615 83.0
8616 42.0
8617 71.0
8618 20.0
8619 52.0
8620 2.0
8621 1.0
8622 53.0
8623 17.0
8624 52.0
8625 52.0
8626 1.0
8627 30.0
8628 108.0
8629 79.0
8630 52.0
8631 7.0
8632 12.0
8633 12.0
8634 52.0
8635 1.0
8636 52.0
8637 13.0
8638 44.0
8639 52.0
8640 11.0
8641 16.0
8642 56.0
8643 48.0
8644 80.0
8645 52.0
8646 3.0
8647 2.0
8648 52.0
8649 132.0
8650 26.0
8651 40.0
8652 4.0
8653 26.0
8654 104.0
8655 30.0
8656 30.0
8657 52.0
8658 26.0
8659 108.0
8660 36.0
8661 20.0
8662 5.0
8663 5.0
8664 14.0
8665 26.0
8666 1.0
8667 26.0
8668 52.0
8669 52.0
8670 52.0
8671 104.0
8672 52.0
8673 26.0
8674 200.0
8675 160.0
8676 13.0
8677 32.0
8678 32.0
8679 34.0
8680 20.0
8681 27.0
8682 13.0
8683 2.0
8684 26.0
8685 1.0
8686 84.0
8687 26.0
8688 26.0
8689 26.0
8690 1.0
8691 1.0
8692 52.0
8693 20.0
8694 50.0
8695 1.0
8696 12.0
8697 20.0
8698 1.0
8699 104.0
8700 52.0
8701 26.0
8702 52.0
8703 30.0
8704 52.0
8705 26.0
8706 104.0
8707 130.0
8708 26.0
8709 420.0
8710 1.0
8711 32.0
8712 22.0
8713 1.0
8714 10.0
8715 26.0
8716 52.0
8717 52.0
8718 52.0
8719 26.0
8720 1.0
8721 52.0
8722 14.0
8723 21.0
8724 12.0
8725 104.0
8726 1.0
8727 25.0
8728 32.0
8729 40.0
8730 1.0
8731 60.0
8732 30.0
8733 30.0
8734 6.0
8735 52.0
8736 39.0
8737 39.0
8738 52.0
8739 26.0
8740 84.0
8741 5.0
8742 13.0
8743 13.0
8744 32.0
8745 32.0
8746 1.0
8747 1.0
8748 26.0
8749 1.0
8750 12.0
8751 52.0
8752 60.0
8753 44.0
8754 13.0
8755 58.0
8756 26.0
8757 13.0
8758 52.0
8759 30.0
8760 1.0
8761 2.0
8762 20.0
8763 1.0
8764 10.0
8765 12.0
8766 26.0
8767 30.0
8768 120.0
8769 80.0
8770 52.0
8771 26.0
8772 10.0
8773 1.0
8774 1.0
8775 2.0
8776 1.0
8777 9.0
8778 14.0
8779 60.0
8780 60.0
8781 26.0
8782 26.0
8783 13.0
8784 1.0
8785 26.0
8786 26.0
8787 52.0
8788 52.0
8789 1.0
8790 1.0
8791 12.0
8792 1.0
8793 100.0
8794 42.0
8795 14.0
8796 5.0
8797 19.0
8798 20.0
8799 40.0
8800 60.0
8801 60.0
8802 1.0
8803 2.0
8804 28.0
8805 13.0
8806 13.0
8807 2.0
8808 10.0
8809 38.0
8810 12.0
8811 12.0
8812 26.0
8813 26.0
8814 13.0
8815 13.0
8816 26.0
8817 78.0
8818 1.0
8819 52.0
8820 60.0
8821 10.0
8822 34.0
8823 52.0
8824 60.0
8825 19.0
8826 13.0
8827 26.0
8828 52.0
8829 3.0
8830 52.0
8831 67.0
8832 12.0
8833 1.0
8834 1.0
8835 1.0
8836 26.0
8837 1.0
8838 60.0
8839 20.0
8840 1.0
8841 12.0
8842 13.0
8843 26.0
8844 26.0
8845 15.0
8846 20.0
8847 1.0
8848 1.0
8849 1.0
8850 1.0
8851 26.0
8852 10.0
8853 10.0
8854 10.0
8855 26.0
8856 52.0
8857 26.0
8858 24.0
8859 24.0
8860 365.0
8861 54.0
8862 365.0
8863 11.0
8864 12.0
8865 1.0
8866 1.0
8867 1.0
8868 39.0
8869 26.0
8870 78.0
8871 52.0
8872 34.0
8873 52.0
8874 13.0
8875 400.0
8876 365.0
8877 4.0
8878 26.0
8879 12.0
8880 1.0
8881 1.0
8882 2.0
8883 4.0
8884 12.0
8885 77.0
8886 26.0
8887 50.0
8888 10.0
8889 1.0
8890 1.0
8891 97.0
8892 52.0
8893 1.0
8894 1.0
8895 52.0
8896 3.0
8897 2.0
8898 60.0
8899 60.0
8900 26.0
8901 100.0
8902 13.0
8903 20.0
8904 13.0
8905 30.0
8906 25.0
8907 25.0
8908 52.0
8909 34.0
8910 40.0
8911 40.0
8912 150.0
8913 13.0
8914 52.0
8915 10.0
8916 52.0
8917 25.0
8918 52.0
8919 100.0
8920 40.0
8921 52.0
8922 30.0
8923 39.0
8924 20.0
8925 5.0
8926 1.0
8927 1.0
8928 1.0
8929 52.0
8930 78.0
8931 156.0
8932 40.0
8933 26.0
8934 2.0
8935 52.0
8936 52.0
8937 800.0
8938 50.0
8939 52.0
8940 68.0
8941 13.0
8942 104.0
8943 26.0
8944 1.0
8945 1.0
8946 12.0
8947 1.0
8948 208.0
8949 40.0
8950 52.0
8951 104.0
8952 52.0
8953 52.0
8954 52.0
8955 1.0
8956 1.0
8957 1.0
8958 26.0
8959 68.0
8960 13.0
8961 26.0
8962 52.0
8963 52.0
8964 25.0
8965 52.0
8966 40.0
8967 1.0
8968 51.0
8969 104.0
8970 52.0
8971 54.0
8972 52.0
8973 26.0
8974 1.0
8975 1.0
8976 1.0
8977 12.0
8978 1.0
8979 245.0
8980 53.0
8981 12.0
8982 52.0
8983 13.0
8984 53.0
8985 12.0
8986 35.0
8987 6.0
8988 12.0
8989 1.0
8990 52.0
8991 52.0
8992 53.0
8993 52.0
8994 52.0
8995 52.0
8996 38.0
8997 1.0
8998 13.0
8999 144.0
9000 26.0
9001 15.0
9002 1.0
9003 29.0
9004 13.0
9005 1.0
9006 52.0
9007 1.0
9008 150.0
9009 250.0
9010 20.0
9011 1.0
9012 1.0
9013 1.0
9014 13.0
9015 5.0
9016 1.0
9017 24.0
9018 26.0
9019 22.0
9020 20.0
9021 96.0
9022 52.0
9023 12.0
9024 1.0
9025 60.0
9026 20.0
9027 20.0
9028 52.0
9029 1.0
9030 47.0
9031 12.0
9032 182.0
9033 33.0
9034 52.0
9035 13.0
9036 6.0
9037 1.0
9038 1.0
9039 1.0
9040 52.0
9041 26.0
9042 1.0
9043 12.0
9044 46.0
9045 51.0
9046 4.0
9047 29.0
9048 24.0
9049 1.0
9050 1.0
9051 26.0
9052 49.0
9053 26.0
9054 20.0
9055 52.0
9056 26.0
9057 1.0
9058 2.0
9059 16.0
9060 30.0
9061 26.0
9062 26.0
9063 10.0
9064 35.0
9065 1.0
9066 26.0
9067 104.0
9068 4.0
9069 30.0
9070 26.0
9071 13.0
9072 150.0
9073 10.0
9074 1.0
9075 52.0
9076 26.0
9077 26.0
9078 40.0
9079 104.0
9080 1.0
9081 1.0
9082 1.0
9083 1.0
9084 52.0
9085 1.0
9086 1.0
9087 12.0
9088 12.0
9089 1.0
9090 50.0
9091 60.0
9092 100.0
9093 96.0
9094 52.0
9095 12.0
9096 14.0
9097 12.0
9098 52.0
9099 52.0
9100 108.0
9101 1.0
9102 26.0
9103 104.0
9104 60.0
9105 1.0
9106 13.0
9107 13.0
9108 26.0
9109 13.0
9110 38.0
9111 26.0
9112 23.0
9113 26.0
9114 1.0
9115 52.0
9116 80.0
9117 78.0
9118 52.0
9119 70.0
9120 30.0
9121 25.0
9122 60.0
9123 1.0
9124 1.0
9125 13.0
9126 1.0
9127 12.0
9128 26.0
9129 70.0
9130 89.0
9131 52.0
9132 12.0
9133 80.0
9134 16.0
9135 1.0
9136 32.0
9137 12.0
9138 86.0
9139 2.0
9140 108.0
9141 13.0
